Date,Cases,Deaths,Recovered,Travel_history,Province,City
2/26/2020,1,0,0,China,Islamabad Capital Territory,Islamabad
2/26/2020,2,0,0,Iran/Taftan,Sindh,Karachi
2/29/2020,1,0,0,China,Islamabad Capital Territory,Islamabad
2/29/2020,1,0,0,Iran/Taftan,Sindh,Karachi
3/2/2020,1,0,0,Iran/Taftan,Gilgit-Baltistan,Gilgit
3/6/2020,0,0,1,Unknown,Sindh,Karachi
3/7/2020,1,0,0,Iran/Taftan,Sindh,Karachi
3/9/2020,6,0,0,Syria,Sindh,Karachi
3/9/2020,3,0,0,UK,Sindh,Karachi
3/10/2020,1,0,0,Iran/Taftan,Sindh,Karachi
3/10/2020,1,0,0,Syria,Sindh,Hyderabad
3/10/2020,1,0,0,Iran/Taftan,Baluchistan,Quetta
3/11/2020,1,0,0,Iran/Taftan,Gilgit-Baltistan,Skardu
3/11/2020,0,0,1,Iran/Taftan,Sindh,Karachi
3/12/2020,1,0,0,Local - Social Contact,Gilgit-Baltistan,Gilgit
3/13/2020,1,0,0,USA,Islamabad Capital Territory,Islamabad
3/13/2020,1,0,1,Local - Social Contact,Sindh,Karachi
3/13/2020,7,0,0,Iran/Taftan,Baluchistan,Taftan
3/15/2020,13,0,0,Iran/Taftan,Sindh,Sukkur
3/15/2020,4,0,0,Iran/Taftan,Sindh,Karachi
3/15/2020,1,0,0,UK,Punjab,Lahore
3/15/2020,15,0,0,Iran/Taftan,Khyber Pakhtunkhwa,Dera Ismail Khan
3/15/2020,1,1,0,Unknown,Khyber Pakhtunkhwa,Mardan
3/16/2020,119,0,0,Iran/Taftan,Sindh,Sukkur
3/16/2020,26,0,0,Iran/Taftan,Sindh,Karachi
3/16/2020,2,0,0,Iran/Taftan,Sindh,Hyderabad
3/16/2020,1,0,0,Unknown,Punjab,Lahore
3/16/2020,1,0,1,Unknown,Islamabad Capital Territory,Islamabad
3/16/2020,1,0,0,Unknown,khyber Pakhtunkhwa,Mansehra
3/16/2020,1,0,0,Unknown,Khyber Pakhtunkhwa,Mardan
3/17/2020,15,0,0,Iran/Taftan,Punjab,Dera Ghazi Khan
3/17/2020,24,0,0,Iran/Taftan,Sindh,Sukkur
3/17/2020,5,0,0,KSA,Sindh,Karachi
3/17/2020,3,0,0,Unknown,Punjab,Lahore
3/17/2020,1,0,0,Unknown,khyber Pakhtunkhwa,Peshawar
3/17/2020,1,0,0,UK,Khyber Pakhtunkhwa,Charsadda
3/17/2020,2,0,0,Iran/Taftan,Baluchistan,Quetta
3/17/2020,1,0,0,Unknown,Islamabad Capital Territory,Islamabad
3/18/2020,2,0,0,Unknown,Islamabad Capital Territory,Islamabad
3/18/2020,5,0,0,Iran/Taftan,Punjab,Dera Ghazi Khan
3/18/2020,31,0,0,Iran/Taftan,Sindh,Sukkur
3/18/2020,5,0,0,Local - Social Contact,Sindh,Karachi
3/18/2020,10,0,0,Unknown,Gilgit-Baltistan,Gilgit
3/18/2020,1,0,0,Local - Social Contact,Khyber Pakhtunkhwa,Buner
3/18/2020,1,1,0,KSA,Khyber Pakhtunkhwa,Mardan 
3/18/2020,1,1,0,Unknown,Khyber Pakhtunkhwa,Hangu 
3/18/2020,1,0,0,Iran/Taftan,Azad Jummu Kashmir,Mirpur
3/19/2020,1,0,0,Local - Social Contact,Punjab,Multan
3/19/2020,8,0,0,Unknown,Punjab,Lahore
3/19/2020,44,0,0,Iran/Taftan,Punjab,Dera Ghazi Khan
3/19/2020,37,0,1,Local - Social Contact,Sindh,Karachi
3/19/2020,53,0,0,Iran/Taftan,Baluchistan,Quetta
3/19/2020,2,0,0,Local - Social Contact,Khyber Pakhtunkhwa,Mardan
3/19/2020,1,0,0,Local - Covid Relative,Khyber Pakhtunkhwa,Dera Ismail Khan
3/19/2020,4,0,0,Unknown,Gilgit-Baltistan,Gilgit
3/19/2020,4,0,0,Unknown,Gilgit-Baltistan,Nagar
3/20/2020,5,0,0,Unknown,Baluchistan,Quetta
3/20/2020,4,1,0,Local - Social Contact,Sindh,Karachi
3/20/2020,1,0,0,Unknown,Khyber Pakhtunkhwa,Mansehra
3/20/2020,1,0,0,Unknown,Federal Administration Tribal Area,Khyber
3/20/2020,1,0,0,Local - Social Contact,Punjab,Rawalpindi
3/20/2020,1,0,0,Local - Social Contact,Punjab,Jehlum
3/20/2020,3,0,0,Local - Social Contact,Punjab,Gujrat 
3/20/2020,2,0,0,Unknown,Punjab,Lahore
3/20/2020,7,0,0,Iran/Taftan,Punjab,Dera Ghazi Khan
3/20/2020,1,0,0,Local - Social Contact,Gilgit-Baltistan,Nagar
3/20/2020,8,0,0,Iran/Taftan,Gilgit-Baltistan,Gilgit
3/20/2020,16,0,0,Local - Social Contact,Sindh,Karachi
3/21/2020,3,0,0,Unknown,Islamabad Capital Territory,Islamabad
3/21/2020,12,0,0,Iran/Taftan,Baluchistan,Quetta
3/21/2020,39,0,0,Iran/Taftan,Sindh,Sukkur
3/21/2020,0,0,3,Local - Social Contact,Sindh,Karachi
3/21/2020,25,0,0,Iran/Taftan,Gilgit-Baltistan,Skardu
3/21/2020,6,0,0,Unknown,Punjab,Lahore
3/21/2020,38,0,0,Iran/Taftan,Punjab,Dera Ghazi Khan
3/21/2020,1,0,0,Local - Social Contact,Punjab,Jehlum
3/21/2020,4,0,0,Local - Social Contact,Punjab,Gujranwala
3/21/2020,1,0,0,Iran/Taftan,Khyber Pakhtunkhwa,Peshawar
3/21/2020,1,0,0,Local - Social Contact,Khyber Pakhtunkhwa,Peshawar
3/21/2020,2,0,0,Iran/Taftan,Khyber Pakhtunkhwa,Dera Ismail Khan
3/21/2020,1,0,0,Iran/Taftan,Khyber Pakhtunkhwa,Mardan
3/21/2020,1,0,0,Iran/Taftan,Khyber Pakhtunkhwa,Karak
3/22/2020,4,0,0,Local - Social Contact,Gilgit-Baltistan,Nagar
3/22/2020,18,0,0,Local - Social Contact,Sindh,Karachi
3/22/2020,23,0,0,Iran/Taftan,Sindh,Sukkur
3/22/2020,1,0,0,Unknown,Islamabad Capital Territory,Islamabad
3/22/2020,15,0,0,Unknown,Punjab,Lahore
3/22/2020,1,0,0,Local - Social Contact,Punjab,Jehlum
3/22/2020,1,0,0,Local - Social Contact,Punjab,Rawalpindi
3/22/2020,43,0,0,Iran/Taftan,Punjab,Dera Ghazi Khan
3/22/2020,4,1,0,Unknown,Baluchistan,Quetta
3/23/2020,7,0,0,Local - Social Contact,Sindh,Karachi
3/23/2020,11,0,0,Iran/Taftan,Sindh,Sukkur
3/23/2020,1,0,0,Iran/Taftan,Sindh,Dadu
3/23/2020,5,0,0,Iran/Taftan,Baluchistan,Taftan
3/23/2020,16,1,0,Iran/Taftan,Gilgit-Baltistan,Skardu
3/23/2020,25,0,0,Iran/Taftan,Punjab,Dera Ghazi Khan
3/23/2020,16,0,0,Local - Social Contact,Punjab,Lahore
3/23/2020,1,0,0,Unknown,Khyber Pakhtunkhwa,Mansehra
3/24/2020,8,0,6,Local - Social Contact,Sindh,Karachi
3/24/2020,8,0,0,Iran/Taftan,Sindh,Sukkur
3/24/2020,3,0,10,Local - Social Contact,Sindh,Karachi
3/24/2020,5,0,0,Local - Social Contact,Gilgit-Baltistan,Gilgit
3/24/2020,37,0,0,Iran/Taftan,Khyber Pakhtunkhwa,Dera Ismail Khan
3/24/2020,1,0,0,Iran/Taftan,Federal Administration Tribal Area,South Waziristan
3/24/2020,2,0,0,Unknown,Khyber Pakhtunkhwa,Peshawar
3/24/2020,2,0,0,Unknown,Baluchistan,Quetta
3/24/2020,7,0,0,Local - Social Contact,Punjab,Lahore
3/24/2020,1,0,0,Local - Social Contact,Punjab,Multan
3/24/2020,9,0,0,Local - Social Contact,Punjab,Gujrat 
3/24/2020,3,0,0,Local - Social Contact,Punjab,Gujranwala
3/24/2020,1,0,0,Local - Social Contact,Punjab,Sargodha
3/24/2020,1,0,0,Local - Social Contact,Punjab,Faisalabad
3/24/2020,1,0,0,Local - Social Contact,Punjab,Mandi Bahauddin
3/24/2020,1,0,0,Local - Social Contact,Punjab,Rahim yar khan
3/24/2020,3,0,0,Local - Social Contact,Sindh,Karachi
3/24/2020,21,1,2,Iran/Taftan,Punjab,Dera Ghazi Khan
3/25/2020,5,0,0,International Passenger,Islamabad Capital Territory,Islamabad
3/25/2020,3,0,0,Local - Social Contact,Sindh,Karachi
3/25/2020,0,0,1,Local - Social Contact,Sindh,Hyderabad
3/25/2020,9,0,0,Local - Social Contact,Baluchistan,Quetta
3/25/2020,1,0,0,Unknown,Gilgit-Baltistan,Astore
3/25/2020,39,0,2,Unknown,Khyber Pakhtunkhwa,Mardan
3/25/2020,1,0,0,Iran/Taftan,Khyber Pakhtunkhwa,Dera Ismail Khan
3/25/2020,1,0,0,Unknown,Khyber Pakhtunkhwa,Swabi
3/25/2020,9,0,0,Local - Social Contact,Punjab,Gujrat
3/25/2020,1,0,0,Local - Social Contact,Punjab,Gujranwala
3/25/2020,2,1,0,Iran/Taftan,Punjab,Dera Ghazi Khan
3/25/2020,18,0,1,Unknown,Punjab,Lahore
3/25/2020,1,0,0,Local - Social Contact,Punjab,Multan
3/25/2020,12,0,0,Iran/Taftan,Baluchistan,Quetta
3/25/2020,7,0,0,Unknown,Gilgit-Baltistan,Kharmang
3/25/2020,1,0,0,Dubai,Gilgit-Baltistan,Kharmang
3/26/2020,2,0,0,Unknown,Khyber Pakhtunkhwa,Dir Upper
3/26/2020,1,0,0,Unknown,Khyber Pakhtunkhwa,Swat
3/26/2020,1,0,0,Unknown,Azad Jummu Kashmir,Mirpur
3/26/2020,5,0,0,Unknown,Islamabad Capital Territory,Islamabad
3/26/2020,9,0,0,Local - Social Contact,Sindh,Karachi
3/26/2020,6,0,2,Local - Social Contact,Khyber Pakhtunkhwa,Mardan
3/26/2020,12,0,0,Iran/Taftan,Baluchistan,Quetta
3/26/2020,7,0,2,Unknown,Gilgit-Baltistan,Skardu
3/26/2020,26,0,1,Unknown,Punjab,Lahore
3/26/2020,16,0,0,Iran/Taftan,Punjab,Multan
3/26/2020,1,0,0,Local - Social Contact,Punjab,Gujrat
3/26/2020,16,0,0,Local - Social Contact,Punjab,Jehlum
3/26/2020,12,0,0,Local - Social Contact,Punjab,Rawalpindi
3/26/2020,2,0,0,Local - Social Contact,Punjab,Faisalabad
3/26/2020,2,0,0,Local - Social Contact,Punjab,Mandi Bahauddin
3/26/2020,2,0,0,Local - Social Contact,Punjab,Mianwali
3/26/2020,1,0,0,Local - Social Contact,Punjab,Narowal
3/26/2020,1,0,0,Local - Social Contact,Punjab,Nankana
3/26/2020,1,0,0,Local - Social Contact,Punjab,Attock
3/26/2020,1,0,0,Local - Social Contact,Punjab,Bahawal Nagar
3/26/2020,7,1,0,Iran/Taftan,Punjab,Dera Ghazi Khan
3/27/2020,2,0,0,Local - Social Contact,Islamabad Capital Territory,Islamabad
3/27/2020,11,0,1,Unknown,Gilgit-Baltistan,Shigar
3/27/2020,5,0,0,Unknown,Gilgit-Baltistan,Gilgit
3/27/2020,7,0,0,Iran/Taftan,Sindh,Larkana
3/27/2020,4,0,1,Local - Social Contact,Sindh,Karachi
3/27/2020,7,0,0,Unknown,Khyber Pakhtunkhwa,Peshawar
3/27/2020,2,0,0,Unknown,Khyber Pakhtunkhwa,Swat
3/27/2020,3,0,0,Unknown,Khyber Pakhtunkhwa,Swabi
3/27/2020,1,0,0,Unknown,Khyber Pakhtunkhwa,Shangla
3/27/2020,3,0,0,Unknown,Khyber Pakhtunkhwa,Nowshera
3/27/2020,1,0,0,Iran/Taftan,Khyber Pakhtunkhwa,Orakzai
3/27/2020,34,0,0,Unknown,Khyber Pakhtunkhwa,Mardan
3/27/2020,3,0,0,Unknown,Khyber Pakhtunkhwa,Malakand
3/27/2020,2,0,0,Unknown,Khyber Pakhtunkhwa,Mansehra
3/27/2020,3,0,0,Unknown,Khyber Pakhtunkhwa,Kohat
3/27/2020,2,0,0,Local - Social Contact,Punjab,Lahore
3/27/2020,2,0,0,Local - Social Contact,Punjab,Faisalabad
3/27/2020,30,2,1,Iran/Taftan,Punjab,Multan
3/27/2020,0,0,2,Unknown,Baluchistan,Quetta
3/28/2020,1,0,0,Local - Social Contact,Punjab,Khushab
3/28/2020,1,1,0,Unknown,Khyber Pakhtunkhwa,Dera Ismail Khan
3/28/2020,1,0,0,Unknown,Khyber Pakhtunkhwa,Charsadda
3/28/2020,4,0,0,Unknown,Khyber Pakhtunkhwa,Buner
3/28/2020,1,0,0,Local - Social Contact,Punjab,Nankana
3/28/2020,1,0,0,Local - Social Contact,Punjab,Mandi Bahauddin
3/28/2020,2,0,0,Local - Social Contact,Punjab,Sargodha
3/28/2020,1,0,0,Local - Social Contact,Punjab,Vehari
3/28/2020,26,0,0,Iran/Taftan,Punjab,Multan
3/28/2020,14,0,0,Local - Social Contact,Punjab,Lahore
3/28/2020,4,0,0,Local - Social Contact,Punjab,Faisalabad
3/28/2020,10,0,0,Local - Social Contact,Punjab,Gujranwala
3/28/2020,5,0,0,Local - Social Contact,Punjab,Rawalpindi
3/28/2020,2,0,0,Local - Social Contact,Punjab,Jehlum
3/28/2020,29,0,0,Local - Social Contact,Punjab,Gujrat
3/28/2020,5,0,0,Local - Social Contact,Punjab,Dera Ghazi Khan
3/28/2020,21,0,0,Iran/Taftan,Punjab,Raiwind
3/28/2020,12,0,0,International Passenger,Islamabad Capital Territory,Islamabad
3/28/2020,25,1,0,Local - Social Contact,Sindh,Karachi
3/28/2020,4,0,0,Local - Social Contact,Sindh,Hyderabad
3/28/2020,5,0,0,Local - Social Contact,Baluchistan,Quetta
3/28/2020,8,0,1,Local - Social Contact,Gilgit-Baltistan,Nagar
3/28/2020,1,0,0,Unknown,Khyber Pakhtunkhwa,Dir Lower
3/28/2020,1,0,0,Unknown,Khyber Pakhtunkhwa,Abbottabad
3/29/2020,4,0,1,Local - Social Contact,Islamabad Capital Territory,Islamabad
3/29/2020,0,0,3,Local - Social Contact,Punjab,Lahore
3/29/2020,1,0,0,Local - Social Contact,Punjab,Vehari
3/29/2020,1,0,0,Local - Social Contact,Punjab,Bahawalpur
3/29/2020,3,0,0,Local - Social Contact,Punjab,Gujrat
3/29/2020,7,0,0,Local - Social Contact,Punjab,Jehlum
3/29/2020,1,0,0,Local - Social Contact,Punjab,Gujranwala
3/29/2020,11,0,0,Local - Social Contact,Punjab,Rawalpindi
3/29/2020,5,0,0,Iran/Taftan,Punjab,Raiwind
3/29/2020,1,1,0,Local - Social Contact,Punjab,Rahim Yar Khan
3/29/2020,4,0,0,Unknown,Azad Jummu Kashmir,Muzaffarabad
3/29/2020,33,2,3,Local - Social Contact,Sindh,Karachi
3/29/2020,0,1,0,Local - Social Contact,Gilgit-Baltistan,Nagar
3/29/2020,5,0,0,Unknown,Gilgit-Baltistan,Shigar
3/29/2020,2,0,0,Iran/Taftan,Gilgit-Baltistan,Kharmang
3/29/2020,3,0,0,Local - Social Contact,Gilgit-Baltistan,Astore
3/29/2020,2,0,0,Unknown,Gilgit-Baltistan,Ghanche
3/29/2020,1,1,0,Unknown,Khyber Pakhtunkhwa,Abbottabad
3/29/2020,2,0,0,Local - Social Contact,Khyber Pakhtunkhwa,Peshawar
3/29/2020,1,1,0,Unknown,Khyber Pakhtunkhwa,Dir Lower
3/30/2020,8,0,1,Local - Social Contact,Islamabad Capital Territory,Islamabad
3/30/2020,11,0,1,Local - Social Contact,Punjab,Nankana
3/30/2020,14,0,0,Unknown,Punjab,Lahore
3/30/2020,8,0,0,Local - Social Contact,Punjab,Gujrat
3/30/2020,26,0,1,Iran/Taftan,Punjab,Raiwind
3/30/2020,21,4,2,Local - Social Contact,Sindh,Karachi
3/30/2020,6,0,23,Local - Social Contact,Sindh,Sukkur
3/30/2020,6,0,0,Local - Social Contact,Baluchistan,Quetta
3/30/2020,18,0,4,Unknown,Gilgit-Baltistan,Nagar
3/30/2020,1,0,0,Local - Social Contact,Federal Administration Tribal Area,Bajaur
3/30/2020,3,0,0,Iran/Taftan,Khyber Pakhtunkhwa,Peshawar
3/30/2020,1,0,0,Unknown,Khyber Pakhtunkhwa,Bannu
3/30/2020,1,0,0,Local - Social Contact,Khyber Pakhtunkhwa,Dera Ismail Khan
3/30/2020,3,0,0,Local - Social Contact,Khyber Pakhtunkhwa,Dir Lower
3/30/2020,1,0,0,Local - Social Contact,Khyber Pakhtunkhwa,Mansehra
3/30/2020,1,0,0,Local - Social Contact,Khyber Pakhtunkhwa,Mardan
3/30/2020,16,0,0,Local - Social Contact,Khyber Pakhtunkhwa,Peshawar
3/31/2020,7,0,0,Unknown,Islamabad Capital Territory,Islamabad
3/31/2020,0,3,0,Iran/Taftan,Punjab,Dera Ghazi Khan
3/31/2020,14,0,0,Local - Social Contact,Punjab,Rawalpindi
3/31/2020,1,0,0,Local - Social Contact,Punjab,Mianwali
3/31/2020,1,0,0,Local - Social Contact,Punjab,Rahim Yar Khan
3/31/2020,5,0,0,Local - Social Contact,Punjab,Hafizabad
3/31/2020,1,0,0,Local - Social Contact,Punjab,Kasur
3/31/2020,1,0,0,Local - Social Contact,Punjab,Laiya
3/31/2020,16,0,0,Local - Social Contact,Sindh,Hyderabad
3/31/2020,0,0,10,Iran/Taftan,Sindh,Sukkur
3/31/2020,94,0,0,Tableeghi Jamaat,Sindh,Hyderabad
3/31/2020,1,0,0,Local - Social Contact,Sindh,Jacobabad
3/31/2020,14,0,17,Iran/Taftan,Baluchistan,Quetta
3/31/2020,37,0,0,Unknown,Gilgit-Baltistan,Nagar
3/31/2020,0,0,0,Unknown,Khyber Pakhtunkhwa,Peshawar
3/31/2020,1,0,0,Local - Social Contact,Federal Administration Tribal Area,Bajaur
3/31/2020,3,0,0,Unknown,Khyber Pakhtunkhwa,Dera Ismail Khan
3/31/2020,1,0,0,Local - Social Contact,Khyber Pakhtunkhwa,Haripur
3/31/2020,10,0,0,Local - Social Contact,Khyber Pakhtunkhwa,Kohat
3/31/2020,1,0,5,Local - Social Contact,Khyber Pakhtunkhwa,Mardan
3/31/2020,1,0,0,Iran/Taftan,Federal Administration Tribal Area,Kurrum
3/31/2020,4,1,10,Iran/Taftan,Khyber Pakhtunkhwa,Dera Ismail Khan
3/31/2020,10,0,0,Unknown,Khyber Pakhtunkhwa,Peshawar
4/1/2020,13,0,0,International Passenger,Islamabad Capital Territory,Islamabad
4/1/2020,2,0,0,Unknown,Azad Jummu Kashmir,Bhambore 
4/1/2020,1,0,0,Unknown,Azad Jummu Kashmir,Trarkhel
4/1/2020,1,1,0,Local - Social Contact,Khyber Pakhtunkhwa,Bannu
4/1/2020,1,1,0,Local - Social Contact,Khyber Pakhtunkhwa,Peshawar
4/1/2020,0,0,2,Local - Social Contact,Khyber Pakhtunkhwa,Nowshera
4/1/2020,3,0,0,Local - Social Contact,Khyber Pakhtunkhwa,Abbottabad
4/1/2020,1,0,0,Local - Social Contact,Khyber Pakhtunkhwa,Dir Upper
4/1/2020,2,0,0,Local - Social Contact,Khyber Pakhtunkhwa,Haripur
4/1/2020,1,0,0,Local - Social Contact,Federal Administration Tribal Area,Khyber
4/1/2020,1,0,0,Local - Social Contact,Khyber Pakhtunkhwa,Kohat
4/1/2020,2,0,0,Local - Social Contact,Federal Administration Tribal Area,Kurrum
4/1/2020,2,0,0,Local - Social Contact,Khyber Pakhtunkhwa,Mansehra
4/1/2020,7,0,10,Local - Social Contact,Khyber Pakhtunkhwa,Mardan
4/1/2020,1,0,0,Local - Social Contact,Khyber Pakhtunkhwa,Orakzai
4/1/2020,1,0,0,Local - Social Contact,Khyber Pakhtunkhwa,Tank
4/1/2020,1,0,0,Local - Social Contact,Federal Administration Tribal Area,South Waziristan
4/1/2020,33,1,3,Local - Social Contact,Sindh,Karachi
4/1/2020,2,0,0,Local - Social Contact,Punjab,Lodhran
4/1/2020,48,0,0,Local - Social Contact,Punjab,Lahore
4/1/2020,7,1,0,Local - Social Contact,Punjab,Rawalpindi
4/1/2020,6,0,0,Local - Social Contact,Baluchistan,Quetta
4/1/2020,28,0,0,Local - Social Contact,Punjab,Gujrat
4/1/2020,2,0,0,Local - Social Contact,Punjab,Gujranwala
4/1/2020,1,0,0,Local - Social Contact,Punjab,Narowal
4/1/2020,8,0,0,Local - Social Contact,Punjab,Sargodha
4/1/2020,1,0,0,Local - Social Contact,Punjab,Sialkot
4/1/2020,2,0,0,Local - Social Contact,Punjab,Bahawal Nagar
4/1/2020,16,0,0,Iran/Taftan,Punjab,Multan
4/1/2020,63,0,0,Iran/Taftan,Punjab,Raiwind
4/2/2020,27,0,0,Tableeghi Jamaat,Punjab,Raiwind
4/1/2020,3,0,0,Iran/Taftan,Punjab,Faisalabad
4/2/2020,3,1,0,Unknown,Gilgit-Baltistan,Astore
4/2/2020,32,1,9,Local - Social Contact,Sindh,Karachi
4/2/2020,0,1,0,Tableeghi Jamaat,Sindh,Hyderabad
4/2/2020,0,0,2,Iran/Taftan,Sindh,Sukkur
4/2/2020,21,1,0,Unknown,Punjab,Lahore
4/2/2020,4,0,0,Unknown,Islamabad Capital Territory,Islamabad
4/2/2020,5,0,0,Local - Social Contact,Baluchistan,Quetta
4/2/2020,1,1,0,Local - Social Contact,Khyber Pakhtunkhwa,Buner
4/2/2020,1,0,0,Local - Social Contact,Khyber Pakhtunkhwa,Abbottabad
4/2/2020,5,0,0,Local - Social Contact,Khyber Pakhtunkhwa,Dir Lower
4/2/2020,2,0,0,Local - Social Contact,Khyber Pakhtunkhwa,Dir Upper
4/2/2020,1,0,0,Local - Social Contact,Khyber Pakhtunkhwa,Hangu
4/2/2020,1,0,0,Local - Social Contact,Khyber Pakhtunkhwa,Karak
4/2/2020,6,0,0,Local - Social Contact,Khyber Pakhtunkhwa,Kohat
4/2/2020,1,0,0,Local - Social Contact,Khyber Pakhtunkhwa,Mansehra
4/2/2020,1,0,0,Local - Social Contact,Khyber Pakhtunkhwa,Nowshera
4/2/2020,17,0,0,Local - Social Contact,Khyber Pakhtunkhwa,Peshawar
4/2/2020,1,0,3,Local - Social Contact,Khyber Pakhtunkhwa,Swabi
4/2/2020,1,0,0,Local - Social Contact,Punjab,Gujranwala
4/2/2020,2,0,0,Local - Social Contact,Punjab,Rawalpindi
4/2/2020,10,0,0,Local - Social Contact,Punjab,Mandi Bahauddin
4/2/2020,6,0,0,Local - Social Contact,Punjab,Vehari
4/2/2020,6,0,0,Iran/Taftan,Punjab,Dera Ghazi Khan
4/2/2020,27,0,0,Iran/Taftan,Punjab,Raiwind
4/2/2020,2,0,0,Iran/Taftan,Punjab,Faisalabad
4/3/2020,1,0,1,Unknown,Gilgit-Baltistan,Shigar
4/3/2020,1,0,0,Unknown,Gilgit-Baltistan,Nagar
4/3/2020,1,0,0,Unknown,Gilgit-Baltistan,Astore
4/3/2020,6,0,0,Unknown,Islamabad Capital Territory,Islamabad
4/3/2020,40,3,0,Local - Social Contact,Sindh,Karachi
4/3/2020,4,0,0,Local - Social Contact,Khyber Pakhtunkhwa,Peshawar
4/3/2020,6,0,0,Unknown,Baluchistan,Quetta
4/3/2020,6,0,0,Local - Social Contact,Khyber Pakhtunkhwa,Abbottabad
4/3/2020,1,0,0,Local - Social Contact,Khyber Pakhtunkhwa,Buner
4/3/2020,1,0,0,Local - Social Contact,Khyber Pakhtunkhwa,Dir Upper
4/3/2020,8,0,0,Local - Social Contact,Khyber Pakhtunkhwa,Hangu
4/3/2020,2,1,0,Local - Social Contact,Khyber Pakhtunkhwa,Mansehra
4/3/2020,10,1,0,Local - Social Contact,Khyber Pakhtunkhwa,Swat
4/3/2020,11,0,0,Local - Social Contact,Punjab,Lahore
4/3/2020,5,0,0,Local - Social Contact,Punjab,Gujrat
4/3/2020,1,0,0,Local - Social Contact,Punjab,Jehlum
4/3/2020,1,0,0,Local - Social Contact,Punjab,Gujranwala
4/3/2020,2,0,0,Local - Social Contact,Punjab,Rawalpindi
4/3/2020,1,0,0,Local - Social Contact,Punjab,Chiniot
4/3/2020,2,0,0,Local - Social Contact,Punjab,Rahim Yar Khan
4/3/2020,1,0,0,Local - Social Contact,Punjab,Sialkot
4/3/2020,11,0,0,Local - Social Contact,Punjab,Vehari
4/3/2020,1,0,0,Local - Social Contact,Punjab,Bahawalpur
4/3/2020,1,0,0,Local - Social Contact,Punjab,Sheikhupura
4/3/2020,12,0,0,Tableeghi Jamaat,Punjab,Dera Ghazi Khan
4/3/2020,3,0,0,Tableeghi Jamaat,Punjab,Multan
4/3/2020,100,0,0,Tableeghi Jamaat,Punjab,Raiwind
4/4/2020,7,0,0,Local - Social Contact,Islamabad Capital Territory,Islamabad
4/4/2020,6,3,0,Local - Social Contact,Khyber Pakhtunkhwa,Peshawar
4/4/2020,30,1,0,Local - Social Contact,Punjab,Lahore
4/4/2020,4,0,0,Local - Social Contact,Khyber Pakhtunkhwa,Bannu
4/4/2020,4,0,0,Local - Social Contact,Khyber Pakhtunkhwa,Buner
4/4/2020,1,0,0,Local - Social Contact,Khyber Pakhtunkhwa,Dera Ismail Khan
4/4/2020,2,0,0,Local - Social Contact,Khyber Pakhtunkhwa,Dir Upper
4/4/2020,3,0,0,Local - Social Contact,Federal Administration Tribal Area,Khyber
4/4/2020,4,0,0,Local - Social Contact,Khyber Pakhtunkhwa,Lakki Marwat
4/4/2020,2,0,0,Local - Social Contact,Khyber Pakhtunkhwa,Nowshera
4/4/2020,2,0,1,Local - Social Contact,Khyber Pakhtunkhwa,Shangla
4/4/2020,1,0,0,Local - Social Contact,Khyber Pakhtunkhwa,Torghar
4/4/2020,0,0,12,Local - Social Contact,Sindh,Karachi
4/4/2020,10,0,0,Unknown,Baluchistan,Quetta
4/4/2020,0,0,3,Iran/Taftan,Khyber Pakhtunkhwa,Dera Ismail Khan
4/4/2020,3,0,0,Unknown,Azad Jummu Kashmir,Muzaffarabad
4/4/2020,0,0,5,Unknown,Gilgit-Baltistan,Skardu
4/4/2020,0,0,9,Unknown,Gilgit-Baltistan,Nagar
4/4/2020,0,0,3,Unknown,Gilgit-Baltistan,Ghanche
4/5/2020,3,0,0,Local - Social Contact,Islamabad Capital Territory,Islamabad
4/5/2020,4,2,0,Local - Social Contact,Khyber Pakhtunkhwa,Swat
4/5/2020,7,0,0,Local - Social Contact,Khyber Pakhtunkhwa,Peshawar
4/5/2020,6,0,0,Local - Social Contact,Khyber Pakhtunkhwa,Nowshera
4/5/2020,0,0,1,Local - Social Contact,Khyber Pakhtunkhwa,Orakzai
4/5/2020,5,0,0,Local - Social Contact,Khyber Pakhtunkhwa,Abbottabad
4/5/2020,0,0,1,Local - Social Contact,Khyber Pakhtunkhwa,Charsadda
4/5/2020,0,0,1,Local - Social Contact,Khyber Pakhtunkhwa,Dir Lower
4/5/2020,0,0,2,Local - Social Contact,Khyber Pakhtunkhwa,Dir Upper
4/5/2020,4,0,4,Local - Social Contact,Khyber Pakhtunkhwa,Buner
4/5/2020,3,0,9,Local - Social Contact,Khyber Pakhtunkhwa,Mardan
4/5/2020,0,0,1,Local - Social Contact,Khyber Pakhtunkhwa,Malakand
4/5/2020,0,0,1,Local - Social Contact,Khyber Pakhtunkhwa,Mansehra
4/5/2020,1,0,0,Local - Social Contact,Federal Administration Tribal Area,Bajaur
4/5/2020,1,0,0,Local - Social Contact,Khyber Pakhtunkhwa,Bannu
4/5/2020,1,0,0,Local - Social Contact,Khyber Pakhtunkhwa,Haripur
4/5/2020,1,0,0,Local - Social Contact,Khyber Pakhtunkhwa,Karak
4/5/2020,0,0,1,Local - Social Contact,Federal Administration Tribal Area,Kurrum
4/5/2020,0,0,1,Local - Social Contact,Federal Administration Tribal Area,South Waziristan
4/5/2020,41,1,0,Local - Social Contact,Sindh,Karachi
4/5/2020,2,0,0,Local - Social Contact,Azad Jummu Kashmir,Mirpur
4/5/2020,6,0,13,Unknown,Baluchistan,Quetta
4/5/2020,17,0,7,Tableeghi Jamaat,Gilgit-Baltistan,Gilgit
4/5/2020,31,0,0,Local - Social Contact,Punjab,Lahore
4/5/2020,0,0,0,Local - Social Contact,Punjab,Faisalabad
4/5/2020,47,0,0,Iran/Taftan,Punjab,Raiwind
4/5/2020,0,0,2,Iran/Taftan,Gilgit-Baltistan,Kharmang
4/5/2020,0,0,1,Dubai,Gilgit-Baltistan,Kharmang
4/6/2020,51,2,0,Local - Social Contact,Sindh,Karachi
4/6/2020,0,0,130,Iran/Taftan,Sindh,Sukkur
4/6/2020,3,0,31,Local - Social Contact,Baluchistan,Quetta
4/6/2020,20,3,0,Local - Social Contact,Punjab,Lahore
4/6/2020,77,0,0,Jail,Punjab,Lahore
4/6/2020,1,0,0,Local - Social Contact,Gilgit-Baltistan,Gilgit
4/6/2020,0,0,11,Local - Social Contact,Gilgit-Baltistan,Shigar
4/6/2020,1,0,0,Local - Social Contact,Azad Jummu Kashmir,Muzaffarabad
4/6/2020,1,0,0,Local - Social Contact,Khyber Pakhtunkhwa,Abbottabad
4/6/2020,2,0,0,Local - Social Contact,Khyber Pakhtunkhwa,Bannu
4/6/2020,1,0,0,Local - Social Contact,Khyber Pakhtunkhwa,Buner
4/6/2020,4,0,0,Local - Social Contact,Khyber Pakhtunkhwa,Charsadda
4/6/2020,3,0,0,Iran/Taftan,Khyber Pakhtunkhwa,Dera Ismail Khan
4/6/2020,1,0,0,Local - Social Contact,Khyber Pakhtunkhwa,Dera Ismail Khan
4/6/2020,6,0,1,Local - Social Contact,Khyber Pakhtunkhwa,Dir Lower
4/6/2020,14,0,0,Local - Social Contact,Khyber Pakhtunkhwa,Dir Upper
4/6/2020,1,0,0,Local - Social Contact,Khyber Pakhtunkhwa,Karak
4/6/2020,1,0,0,Local - Social Contact,Federal Administration Tribal Area,Khyber
4/6/2020,15,0,1,Local - Social Contact,Khyber Pakhtunkhwa,Kohat
4/6/2020,1,0,0,Local - Social Contact,Khyber Pakhtunkhwa,Mansehra
4/6/2020,9,0,0,Local - Social Contact,Khyber Pakhtunkhwa,Mardan
4/6/2020,1,0,0,Local - Social Contact,Khyber Pakhtunkhwa,Mohmand
4/6/2020,24,0,0,Local - Social Contact,Khyber Pakhtunkhwa,Peshawar
4/6/2020,2,0,1,Local - Social Contact,Khyber Pakhtunkhwa,Swabi
4/6/2020,7,0,0,Local - Social Contact,Khyber Pakhtunkhwa,Swat
4/6/2020,3,0,0,Local - Social Contact,Federal Administration Tribal Area,North Waziristan
4/7/2020,1,1,0,Local - Social Contact,Islamabad Capital Territory,Islamabad
4/7/2020,0,0,0,Tableeghi Jamaat,Punjab,Raiwind
4/7/2020,54,1,16,Local - Social Contact,Sindh,Karachi
4/7/2020,11,0,27,Local - Social Contact,Sindh,Karachi
4/7/2020,12,0,3,Local - Social Contact,Baluchistan,Quetta
4/7/2020,0,0,28,Local - Social Contact,Gilgit-Baltistan,Skardu
4/7/2020,1,0,2,Local - Social Contact,Gilgit-Baltistan,Kharmang
4/7/2020,0,0,1,Iran/Taftan,Khyber Pakhtunkhwa,Peshawar
4/7/2020,7,1,4,Local - Social Contact,Khyber Pakhtunkhwa,Peshawar
4/7/2020,2,0,0,Local - Social Contact,Khyber Pakhtunkhwa,Abbottabad
4/7/2020,1,0,0,Local - Social Contact,Federal Administration Tribal Area,Bajaur
4/7/2020,1,0,0,Local - Social Contact,Khyber Pakhtunkhwa,Bannu
4/7/2020,2,0,0,Local - Social Contact,Khyber Pakhtunkhwa,Charsadda
4/7/2020,3,0,0,Local - Social Contact,Khyber Pakhtunkhwa,Dir Upper
4/7/2020,2,0,0,Local - Social Contact,Khyber Pakhtunkhwa,Karak
4/7/2020,1,0,0,Local - Social Contact,Federal Administration Tribal Area,Khyber
4/7/2020,0,0,1,Local - Social Contact,Federal Administration Tribal Area,Kurrum
4/7/2020,3,0,0,Local - Social Contact,Khyber Pakhtunkhwa,Orakzai
4/7/2020,2,0,0,Local - Social Contact,Khyber Pakhtunkhwa,Shangla
4/7/2020,1,0,0,Local - Social Contact,Khyber Pakhtunkhwa,Swat
4/7/2020,3,0,0,Local - Social Contact,Azad Jummu Kashmir,Muzaffarabad
4/8/2020,49,2,0,Local - Social Contact,Punjab,Lahore
4/8/2020,2,0,0,Local - Social Contact,Punjab,Multan
4/8/2020,3,0,0,Local - Social Contact,Punjab,Gujrat
4/8/2020,1,0,0,Local - Social Contact,Punjab,Jehlum
4/8/2020,15,0,0,Local - Social Contact,Punjab,Gujranwala
4/8/2020,8,0,0,Local - Social Contact,Punjab,Rawalpindi
4/8/2020,12,0,0,Local - Social Contact,Punjab,Faisalabad
4/8/2020,7,0,0,Local - Social Contact,Punjab,Chiniot
4/8/2020,1,0,0,Local - Social Contact,Punjab,Mandi Bahauddin
4/8/2020,7,0,0,Local - Social Contact,Punjab,Mianwali
4/8/2020,4,0,0,Local - Social Contact,Punjab,Narowal
4/8/2020,0,0,2,Local - Social Contact,Punjab,Rahim Yar Khan
4/8/2020,0,0,4,Local - Social Contact,Punjab,Sargodha
4/8/2020,17,0,0,Local - Social Contact,Punjab,Sialkot
4/8/2020,6,0,0,Local - Social Contact,Punjab,Bahawal Nagar
4/8/2020,13,0,0,Local - Social Contact,Punjab,Dera Ghazi Khan
4/8/2020,1,0,0,Local - Social Contact,Punjab,Hafizabad
4/8/2020,0,0,6,Local - Social Contact,Punjab,Vehari
4/8/2020,1,0,0,Local - Social Contact,Punjab,Okara
4/8/2020,1,0,0,Local - Social Contact,Punjab,Bahawalpur
4/8/2020,8,0,0,Local - Social Contact,Punjab,Kasur
4/8/2020,1,0,0,Local - Social Contact,Punjab,Lodhran
4/8/2020,2,0,0,Local - Social Contact,Punjab,Toba Tek Singh
4/8/2020,50,1,1,Local - Social Contact,Sindh,Karachi
4/8/2020,6,0,0,Local - Social Contact,Sindh,Larkana
4/8/2020,2,0,0,Local - Social Contact,Sindh,Jamshoro
4/8/2020,1,0,0,Local - Social Contact,Sindh,Badin
4/8/2020,7,0,0,Local - Social Contact,Sindh,Shaheed Benazirabad
4/8/2020,4,0,0,Local - Social Contact,Sindh,Naushero Feroz
4/8/2020,1,0,0,Local - Social Contact,Sindh,Shujawal
4/8/2020,1,0,0,Local - Social Contact,Sindh,Sanghar
4/8/2020,12,0,0,Local - Social Contact,Sindh,Tando M. Khan
4/8/2020,2,0,0,Local - Social Contact,Sindh,Ghotki
4/8/2020,42,1,0,Tableeghi Jamaat,Sindh,Hyderabad
4/8/2020,0,0,18,Iran/Taftan,Sindh,Sukkur
4/8/2020,8,1,10,Local - Social Contact,Baluchistan,Quetta
4/8/2020,1,0,20,Local - Social Contact,Gilgit-Baltistan,Nagar
4/8/2020,0,0,0,Local - Social Contact,Khyber Pakhtunkhwa,Peshawar
4/8/2020,0,1,0,Local - Social Contact,Khyber Pakhtunkhwa,Shangla
4/8/2020,2,1,0,Local - Social Contact,Khyber Pakhtunkhwa,Kohat
4/8/2020,12,0,1,Local - Social Contact,Khyber Pakhtunkhwa,Buner
4/8/2020,3,0,1,Local - Social Contact,Khyber Pakhtunkhwa,Charsadda
4/8/2020,2,0,0,Local - Social Contact,Khyber Pakhtunkhwa,Dir Upper
4/8/2020,2,0,0,Local - Social Contact,Federal Administration Tribal Area,Khyber
4/8/2020,4,0,0,Local - Social Contact,Federal Administration Tribal Area,Kurrum
4/8/2020,5,0,0,Local - Social Contact,Khyber Pakhtunkhwa,Nowshera
4/8/2020,1,0,0,Local - Social Contact,Khyber Pakhtunkhwa,Torghar
4/8/2020,0,0,48,Iran/Taftan,Khyber Pakhtunkhwa,Dera Ismail Khan
4/8/2020,0,0,1,Local - Social Contact,Khyber Pakhtunkhwa,Mansehra
4/8/2020,10,0,0,Local - Social Contact,Azad Jummu Kashmir,Muzaffarabad
4/9/2020,35,0,7,Local - Social Contact,Islamabad Capital Territory,Islamabad
4/9/2020,0,0,5,Iran/Taftan,Punjab,Dera Ghazi Khan
4/9/2020,213,1,0,Tableeghi Jamaat,Punjab,Raiwind
4/9/2020,18,0,0,Tableeghi Jamaat,Punjab,Faisalabad
4/9/2020,366,0,0,Tableeghi Jamaat,Punjab,Multan
4/10/2020,12,0,0,Jail,Punjab,Lahore
4/9/2020,0,0,18,Local - Social Contact,Sindh,Sukkur
4/9/2020,92,1,0,Unknown,Sindh,Karachi
4/9/2020,0,0,69,Iran/Taftan,Sindh,Sukkur
4/9/2020,7,0,0,Local - Social Contact,Baluchistan,Quetta
4/9/2020,2,0,0,Local - Social Contact,Gilgit-Baltistan,Kharmang
4/9/2020,3,0,0,Local - Social Contact,Khyber Pakhtunkhwa,Abbottabad
4/9/2020,6,0,0,Local - Social Contact,Khyber Pakhtunkhwa,Buner
4/9/2020,1,0,0,Local - Social Contact,Khyber Pakhtunkhwa,Charsadda
4/9/2020,10,0,0,Local - Social Contact,Khyber Pakhtunkhwa,Dir Upper
4/9/2020,4,0,0,Local - Social Contact,Khyber Pakhtunkhwa,Hangu
4/9/2020,1,0,0,Local - Social Contact,Khyber Pakhtunkhwa,Haripur
4/9/2020,6,1,0,Local - Social Contact,Khyber Pakhtunkhwa,Mardan
4/9/2020,1,0,0,Local - Social Contact,Khyber Pakhtunkhwa,Nowshera
4/9/2020,1,0,0,Local - Social Contact,Khyber Pakhtunkhwa,Orakzai
4/9/2020,15,1,0,Local - Social Contact,Khyber Pakhtunkhwa,Peshawar
4/9/2020,2,0,0,Local - Social Contact,Khyber Pakhtunkhwa,Shangla
4/9/2020,1,0,0,Local - Social Contact,Khyber Pakhtunkhwa,Swabi
4/9/2020,7,0,0,Local - Social Contact,Khyber Pakhtunkhwa,Swat
4/9/2020,1,0,0,Local - Social Contact,Federal Administration Tribal Area,North Waziristan
4/9/2020,5,0,0,Local - Social Contact,Azad Jummu Kashmir,Muzaffarabad
4/9/2020,23,0,0,Local - Social Contact,Punjab,Lahore
4/9/2020,1,0,0,Local - Social Contact,Punjab,Gujrat
4/9/2020,0,0,1,Local - Social Contact,Punjab,Jehlum
4/9/2020,0,0,1,Local - Social Contact,Punjab,Gujranwala
4/9/2020,1,0,0,Local - Social Contact,Punjab,Rawalpindi
4/9/2020,4,0,0,Local - Social Contact,Punjab,Chakwal
4/9/2020,6,0,0,Local - Social Contact,Punjab,Faisalabad
4/9/2020,0,0,7,Local - Social Contact,Punjab,Mandi Bahauddin
4/9/2020,0,0,1,Local - Social Contact,Punjab,Mianwali
4/9/2020,2,0,0,Local - Social Contact,Punjab,Narowal
4/9/2020,17,0,0,Local - Social Contact,Punjab,Rahim Yar Khan
4/9/2020,2,0,0,Local - Social Contact,Punjab,Sargodha
4/9/2020,1,0,0,Local - Social Contact,Punjab,Jhang
4/9/2020,8,0,0,Local - Social Contact,Punjab,Sialkot
4/9/2020,0,0,4,Local - Social Contact,Punjab,Bahawal Nagar
4/9/2020,6,0,0,Local - Social Contact,Punjab,Hafizabad
4/9/2020,2,0,0,Local - Social Contact,Punjab,Khushab
4/9/2020,2,0,0,Local - Social Contact,Punjab,Bahawalpur
4/9/2020,2,0,0,Local - Social Contact,Punjab,Sheikhupura
4/10/2020,85,1,9,Local - Social Contact,Sindh,Karachi
4/10/2020,1,0,0,Local - Social Contact,Sindh,Shaheed Benazirabad
4/10/2020,1,0,13,Local - Social Contact,Baluchistan,Quetta
4/10/2020,0,0,14,Local - Social Contact,Gilgit-Baltistan,Nagar
4/10/2020,0,0,0,Local - Social Contact,Khyber Pakhtunkhwa,Peshawar
4/10/2020,3,0,0,Local - Social Contact,Khyber Pakhtunkhwa,Abbottabad
4/10/2020,3,0,3,Local - Social Contact,Federal Administration Tribal Area,Bajaur
4/10/2020,5,0,0,Local - Social Contact,Khyber Pakhtunkhwa,Bannu
4/10/2020,4,0,1,Local - Social Contact,Khyber Pakhtunkhwa,Buner
4/10/2020,3,0,0,Local - Social Contact,Khyber Pakhtunkhwa,Charsadda
4/10/2020,0,1,0,Tableeghi Jamaat,Khyber Pakhtunkhwa,Dir Lower
4/10/2020,1,0,0,Local - Social Contact,Khyber Pakhtunkhwa,Dir Upper
4/10/2020,1,0,1,Local - Social Contact,Khyber Pakhtunkhwa,Hangu
4/10/2020,1,0,0,Local - Social Contact,Khyber Pakhtunkhwa,Haripur
4/10/2020,0,0,1,Local - Social Contact,Khyber Pakhtunkhwa,Karak
4/10/2020,2,0,1,Local - Social Contact,Khyber Pakhtunkhwa,Kohat
4/10/2020,2,1,0,Local - Social Contact,Khyber Pakhtunkhwa,Malakand
4/10/2020,1,0,0,Local - Social Contact,Khyber Pakhtunkhwa,Nowshera
4/10/2020,8,0,0,Local - Social Contact,Khyber Pakhtunkhwa,Peshawar
4/10/2020,3,0,0,Local - Social Contact,Khyber Pakhtunkhwa,Swabi
4/10/2020,2,1,2,Tableeghi Jamaat,Khyber Pakhtunkhwa,Swat
4/10/2020,0,0,1,Local - Social Contact,Khyber Pakhtunkhwa,Tank
4/10/2020,0,0,2,Iran/Taftan,Khyber Pakhtunkhwa,Dera Ismail Khan
4/10/2020,0,0,0,Local - Social Contact,Azad Jummu Kashmir,Muzaffarabad
4/10/2020,10,0,0,Local - Social Contact,Punjab,Lahore
4/10/2020,1,0,0,Local - Social Contact,Punjab,Faisalabad
4/10/2020,0,0,5,Local - Social Contact,Punjab,Nankana
4/10/2020,7,0,0,Local - Social Contact,Punjab,Sheikhupura
4/11/2020,1,0,10,Local - Social Contact,Gilgit-Baltistan,Gilgit
4/11/2020,0,0,11,Local - Social Contact,Gilgit-Baltistan,Nagar
4/11/2020,1,0,0,Local - Social Contact,Azad Jummu Kashmir,Muzaffarabad
4/11/2020,8,0,6,Local - Social Contact,Baluchistan,Quetta
4/11/2020,5,4,1,Local - Social Contact,Khyber Pakhtunkhwa,Peshawar
4/11/2020,5,1,0,Local - Social Contact,Khyber Pakhtunkhwa,Kohat
4/11/2020,3,1,0,Local - Social Contact,Khyber Pakhtunkhwa,Nowshera
4/11/2020,1,0,4,Local - Social Contact,Khyber Pakhtunkhwa,Abbottabad
4/11/2020,5,0,0,Local - Social Contact,Khyber Pakhtunkhwa,Buner
4/11/2020,3,0,0,Local - Social Contact,Khyber Pakhtunkhwa,Dir Lower
4/11/2020,6,0,0,Local - Social Contact,Khyber Pakhtunkhwa,Dir Upper
4/11/2020,6,0,0,Local - Social Contact,Khyber Pakhtunkhwa,Mansehra
4/11/2020,5,0,0,Local - Social Contact,Khyber Pakhtunkhwa,Mardan
4/11/2020,4,0,0,Local - Social Contact,Khyber Pakhtunkhwa,Shangla
4/11/2020,2,0,2,Local - Social Contact,Khyber Pakhtunkhwa,Swat
4/11/2020,0,0,1,Local - Social Contact,Khyber Pakhtunkhwa,Dera Ismail Khan
4/11/2020,84,6,0,Local - Social Contact,Sindh,Karachi
4/11/2020,3,0,0,Local - Social Contact,Sindh,Larkana
4/11/2020,17,0,0,Local - Social Contact,Sindh,Hyderabad
4/11/2020,29,3,0,Local - Social Contact,Punjab,Lahore
4/11/2020,1,0,0,Tableeghi Jamaat,Punjab,Dera Ghazi Khan
4/11/2020,30,0,0,Local - Social Contact,Punjab,Gujrat
4/11/2020,7,0,0,Tableeghi Jamaat,Punjab,Raiwind
4/11/2020,5,0,0,Local - Social Contact,Punjab,Rawalpindi
4/11/2020,3,0,0,Local - Social Contact,Punjab,Nankana
4/11/2020,16,0,0,Local - Social Contact,Punjab,Laiya
4/11/2020,0,0,2,Local - Social Contact,Punjab,Jehlum
4/11/2020,47,0,0,Unknown,Punjab,Bhakhar
4/12/2020,1,0,3,Local - Social Contact,Islamabad Capital Territory,Islamabad
4/12/2020,79,2,18,Unknown,Sindh,Karachi
4/12/2020,14,0,0,Unknown,Sindh,Khairpur
4/12/2020,9,1,0,Local - Social Contact,Khyber Pakhtunkhwa,Peshawar
4/12/2020,2,1,0,Local - Social Contact,Khyber Pakhtunkhwa,Mardan
4/12/2020,0,1,0,Local - Social Contact,Khyber Pakhtunkhwa,Swabi
4/12/2020,6,0,0,Local - Social Contact,Khyber Pakhtunkhwa,Buner
4/12/2020,1,0,0,Local - Social Contact,Khyber Pakhtunkhwa,Dir Upper
4/12/2020,1,0,0,Local - Social Contact,Khyber Pakhtunkhwa,Hangu
4/12/2020,4,0,0,Local - Social Contact,Khyber Pakhtunkhwa,Karak
4/12/2020,4,0,0,Local - Social Contact,Khyber Pakhtunkhwa,Kohat
4/12/2020,2,0,0,Local - Social Contact,Federal Administration Tribal Area,Kurrum
4/12/2020,3,0,0,Local - Social Contact,Khyber Pakhtunkhwa,Malakand
4/12/2020,10,0,0,Local - Social Contact,Khyber Pakhtunkhwa,Mansehra
4/12/2020,2,0,0,Local - Social Contact,Khyber Pakhtunkhwa,Nowshera
4/12/2020,2,0,1,Local - Social Contact,Khyber Pakhtunkhwa,Swat
4/12/2020,1,0,0,Local - Social Contact,Federal Administration Tribal Area,South Waziristan
4/12/2020,0,0,2,Local - Social Contact,Federal Administration Tribal Area,North Waziristan
4/12/2020,8,0,0,Local - Social Contact,Baluchistan,Quetta
4/12/2020,6,0,1,Local - Social Contact,Azad Jummu Kashmir,Muzaffarabad
4/12/2020,32,2,25,Local - Social Contact,Punjab,Lahore
4/12/2020,19,0,0,Local - Social Contact,Punjab,Multan
4/12/2020,0,0,175,Iran/Taftan,Punjab,Dera Ghazi Khan
4/12/2020,6,0,0,Local - Social Contact,Punjab,Gujrat
4/12/2020,2,0,0,Local - Social Contact,Punjab,Rawalpindi
4/12/2020,3,0,0,Local - Social Contact,Punjab,Faisalabad
4/12/2020,19,0,0,Local - Social Contact,Punjab,Rahim Yar Khan
4/12/2020,6,0,0,Local - Social Contact,Punjab,Vehari
4/12/2020,1,0,0,Local - Social Contact,Punjab,Khushab
4/12/2020,1,0,0,Local - Social Contact,Punjab,Bahawalpur
4/13/2020,12,0,0,Local - Social Contact,Islamabad Capital Territory,Islamabad
4/12/2020,9,0,0,Jail,Punjab,Lahore
4/13/2020,0,1,0,Unknown,Punjab,Lahore
4/13/2020,0,0,0,Tableeghi Jamaat,Punjab,Dera Ghazi Khan
4/13/2020,60,0,0,Local - Social Contact,Punjab,Multan
4/13/2020,39,1,30,Unknown,Sindh,Karachi
4/13/2020,1,0,0,Local - Social Contact,Sindh,Sujawal
4/13/2020,1,0,0,Local - Social Contact,Sindh,Sanghar
4/13/2020,0,1,0,Local - Social Contact,Khyber Pakhtunkhwa,Peshawar
4/13/2020,1,1,1,Local - Social Contact,Khyber Pakhtunkhwa,Abbottabad
4/13/2020,5,0,0,Local - Social Contact,Khyber Pakhtunkhwa,Charsadda
4/13/2020,3,0,2,Local - Social Contact,Khyber Pakhtunkhwa,Kohat
4/13/2020,9,0,0,Local - Social Contact,Federal Administration Tribal Area,Kurrum
4/13/2020,2,0,0,Local - Social Contact,Khyber Pakhtunkhwa,Malakand
4/13/2020,1,0,0,Local - Social Contact,Federal Administration Tribal Area,Mohmand
4/13/2020,1,0,0,Local - Social Contact,Khyber Pakhtunkhwa,Nowshera
4/13/2020,31,0,0,Local - Social Contact,Khyber Pakhtunkhwa,Peshawar
4/13/2020,3,0,0,Local - Social Contact,Khyber Pakhtunkhwa,Swat
4/13/2020,0,0,1,Local - Social Contact,Khyber Pakhtunkhwa,Swabi
4/13/2020,0,0,0,Local - Social Contact,Khyber Pakhtunkhwa,Lakki Marwat
4/13/2020,0,0,2,Local - Social Contact,Khyber Pakhtunkhwa,Dir Lower
4/13/2020,0,0,1,Local - Social Contact,Federal Administration Tribal Area,Bajaur
4/13/2020,0,0,1,Local - Social Contact,Khyber Pakhtunkhwa,Bannu
4/13/2020,3,0,0,Local - Social Contact,Azad Jummu Kashmir,Muzaffarabad
4/13/2020,1,0,0,Local - Social Contact,Baluchistan,Quetta
4/14/2020,10,0,6,Local - Social Contact,Gilgit-Baltistan,Shigar
4/14/2020,0,0,5,Local - Social Contact,Gilgit-Baltistan,Kharmang
4/14/2020,0,0,11,Local - Social Contact,Gilgit-Baltistan,Skardu
4/14/2020,0,0,2,Local - Social Contact,Gilgit-Baltistan,Ghanche
4/14/2020,17,0,0,Local - Social Contact,Baluchistan,Quetta
4/14/2020,66,3,0,Local - Social Contact,Sindh,Karachi
4/14/2020,0,1,3,Local - Social Contact,Sindh,Hyderabad
4/14/2020,0,0,1,Iran/Taftan,Sindh,Sukkur
4/14/2020,22,3,0,Unknown,Khyber Pakhtunkhwa,Peshawar
4/14/2020,4,0,0,Unknown,Khyber Pakhtunkhwa,Dera Ismail Khan
4/14/2020,5,0,0,Local - Social Contact,Khyber Pakhtunkhwa,Bannu
4/14/2020,7,0,1,Local - Social Contact,Khyber Pakhtunkhwa,Buner
4/14/2020,4,0,2,Local - Social Contact,Khyber Pakhtunkhwa,Charsadda
4/14/2020,11,0,7,Local - Social Contact,Khyber Pakhtunkhwa,Dir Upper
4/14/2020,3,0,0,Local - Social Contact,Khyber Pakhtunkhwa,Hangu
4/14/2020,1,0,0,Local - Social Contact,Federal Administration Tribal Area,Khyber
4/14/2020,1,0,5,Local - Social Contact,Khyber Pakhtunkhwa,Kohat
4/14/2020,4,0,0,Local - Social Contact,Khyber Pakhtunkhwa,Nowshera
4/14/2020,2,0,0,Local - Social Contact,Khyber Pakhtunkhwa,Shangla
4/14/2020,1,0,0,Local - Social Contact,Federal Administration Tribal Area,North Waziristan
4/14/2020,0,0,3,Local - Social Contact,Khyber Pakhtunkhwa,Abbottabad
4/14/2020,0,0,3,Local - Social Contact,Khyber Pakhtunkhwa,Swat
4/14/2020,0,0,4,Local - Social Contact,Khyber Pakhtunkhwa,Dir Lower
4/14/2020,0,0,3,Local - Social Contact,Khyber Pakhtunkhwa,Haripur
4/14/2020,35,4,0,Unknown,Punjab,Lahore
4/14/2020,45,0,0,Local - Social Contact,Punjab,Multan
4/14/2020,13,0,0,Local - Social Contact,Punjab,Gujrat
4/14/2020,44,0,0,Local - Social Contact,Punjab,Jehlum
4/14/2020,2,0,0,Local - Social Contact,Punjab,Gujranwala
4/14/2020,22,0,0,Local - Social Contact,Punjab,Rawalpindi
4/14/2020,7,0,0,Local - Social Contact,Punjab,Faisalabad
4/14/2020,11,0,0,Local - Social Contact,Punjab,Mandi Bahauddin
4/14/2020,8,0,0,Local - Social Contact,Punjab,Mianwali
4/14/2020,15,0,0,Local - Social Contact,Punjab,Narowal
4/14/2020,5,0,0,Local - Social Contact,Punjab,Rahim Yar Khan
4/14/2020,36,0,0,Local - Social Contact,Punjab,Sargodha
4/14/2020,7,0,0,Local - Social Contact,Punjab,Sahewal
4/14/2020,9,0,0,Local - Social Contact,Punjab,Rajanpur
4/14/2020,22,0,0,Local - Social Contact,Punjab,Sialkot
4/14/2020,5,0,0,Local - Social Contact,Punjab,Bahawal Nagar
4/14/2020,35,0,0,Local - Social Contact,Punjab,Hafizabad
4/14/2020,52,0,0,Local - Social Contact,Punjab,Muzaffargar
4/14/2020,2,0,0,Local - Social Contact,Punjab,Nankana
4/14/2020,47,0,0,Local - Social Contact,Punjab,Vehari
4/14/2020,2,0,0,Local - Social Contact,Punjab,Khushab
4/14/2020,11,0,0,Local - Social Contact,Punjab,Laiya
4/14/2020,2,0,0,Local - Social Contact,Punjab,Khanewal
4/14/2020,8,0,0,Local - Social Contact,Punjab,Sheikhupura
4/14/2020,1,0,0,Local - Social Contact,Punjab,Pakpatan
4/14/2020,14,0,0,Local - Social Contact,Punjab,Bhakhar
4/14/2020,10,0,0,Tableeghi Jamaat,Punjab,Raiwind
4/15/2020,9,0,0,Local - Social Contact,Islamabad Capital Territory,Islamabad
4/15/2020,3,0,0,Unknown,Azad Jummu Kashmir,Muzaffarabad
4/15/2020,0,0,19,Local - Social Contact,Gilgit-Baltistan,Skardu
4/15/2020,3,0,0,Local - Social Contact,Gilgit-Baltistan,Diamer
4/15/2020,2,0,0,Local - Social Contact,Gilgit-Baltistan,Nagar
4/15/2020,6,0,2,Local - Social Contact,Gilgit-Baltistan,Astore
4/15/2020,0,0,1,Local - Social Contact,Gilgit-Baltistan,Nagar
4/15/2020,33,1,13,Unknown,Baluchistan,Quetta
4/15/2020,1,0,0,Local - Social Contact,Sindh,Larkana
4/15/2020,7,0,0,Local - Social Contact,Sindh,Naushero Feroz
4/15/2020,28,0,0,Local - Social Contact,Sindh,Shaheed Benazirabad
4/15/2020,20,0,104,Tableeghi Jamaat,Sindh,Hyderabad
4/15/2020,94,5,27,Local - Social Contact,Sindh,Karachi
4/15/2020,0,1,0,Iran/Taftan,Sindh,Sukkur
4/15/2020,38,4,0,Local - Social Contact,Khyber Pakhtunkhwa,Peshawar
4/15/2020,0,0,3,Iran/Taftan,Khyber Pakhtunkhwa,Peshawar
4/15/2020,1,0,0,Local - Social Contact,Khyber Pakhtunkhwa,Buner
4/15/2020,7,0,0,Local - Social Contact,Khyber Pakhtunkhwa,Dera Ismail Khan
4/15/2020,1,0,1,Local - Social Contact,Khyber Pakhtunkhwa,Kohat
4/15/2020,2,0,0,Local - Social Contact,Khyber Pakhtunkhwa,Orakzai
4/15/2020,1,0,3,Local - Social Contact,Khyber Pakhtunkhwa,Swat
4/15/2020,0,0,1,Local - Social Contact,Khyber Pakhtunkhwa,Mardan
4/15/2020,0,0,2,Local - Social Contact,Khyber Pakhtunkhwa,Mansehra
4/15/2020,0,0,1,Local - Social Contact,Federal Administration Tribal Area,Khyber
4/15/2020,0,0,2,Local - Social Contact,Khyber Pakhtunkhwa,Dir Upper
4/15/2020,0,0,1,Local - Social Contact,Khyber Pakhtunkhwa,Abbottabad
4/15/2020,20,0,0,Local - Social Contact,Punjab,Rawalpindi
4/15/2020,10,0,0,Local - Social Contact,Punjab,Gujranwala
4/15/2020,0,0,28,Local - Social Contact,Punjab,Lahore
4/15/2020,0,0,1,Local - Social Contact,Punjab,Chakwal
4/15/2020,24,0,0,Local - Social Contact,Punjab,Lahore
4/15/2020,3,0,0,Local - Social Contact,Punjab,Mandi Bahauddin
4/15/2020,1,0,0,Local - Social Contact,Punjab,Jhang
4/15/2020,7,0,0,Local - Social Contact,Punjab,Narowal
4/16/2020,21,0,0,Local - Social Contact,Punjab,Rawalpindi
4/16/2020,10,0,0,Local - Social Contact,Punjab,Gujranwala
4/16/2020,9,0,0,Local - Social Contact,Punjab,Multan
4/16/2020,4,0,0,Local - Social Contact,Punjab,Gujrat
4/16/2020,24,2,59,Local - Social Contact,Baluchistan,Quetta
4/16/2020,5,0,0,Local - Social Contact,Islamabad Capital Territory,Islamabad
4/16/2020,22,2,1,Local - Social Contact,Khyber Pakhtunkhwa,Peshawar
4/16/2020,1,1,4,Local - Social Contact,Khyber Pakhtunkhwa,Nowshera
4/16/2020,7,0,0,Local - Social Contact,Khyber Pakhtunkhwa,Buner
4/16/2020,2,0,0,Local - Social Contact,Khyber Pakhtunkhwa,Dir Lower
4/16/2020,3,0,0,Local - Social Contact,Khyber Pakhtunkhwa,Dir Upper
4/16/2020,1,0,0,Local - Social Contact,Khyber Pakhtunkhwa,Haripur
4/16/2020,2,0,3,Local - Social Contact,Khyber Pakhtunkhwa,Kohat
4/16/2020,2,0,0,Local - Social Contact,Federal Administration Tribal Area,Kurrum
4/16/2020,4,0,0,Local - Social Contact,Khyber Pakhtunkhwa,Malakand
4/16/2020,5,0,0,Local - Social Contact,Khyber Pakhtunkhwa,Mansehra
4/16/2020,1,0,0,Local - Social Contact,Khyber Pakhtunkhwa,Mardan
4/16/2020,1,0,0,Local - Social Contact,Khyber Pakhtunkhwa,Shangla
4/16/2020,7,0,0,Local - Social Contact,Khyber Pakhtunkhwa,Swat
4/16/2020,0,0,1,Local - Social Contact,Federal Administration Tribal Area,Bajaur
4/16/2020,0,0,2,Local - Social Contact,Khyber Pakhtunkhwa,Bannu
4/16/2020,0,0,3,Local - Social Contact,Khyber Pakhtunkhwa,Lakki Marwat
4/16/2020,8,0,6,Unknown,Gilgit-Baltistan,Gilgit
4/16/2020,0,7,112,Unknown,Punjab,Lahore
4/16/2020,24,0,0,Local - Social Contact,Punjab,Lahore
4/16/2020,8,0,0,Local - Social Contact,Punjab,Faisalabad
4/16/2020,1,0,0,Local - Social Contact,Punjab,Dera Ghazi Khan
4/16/2020,21,0,0,Local - Social Contact,Punjab,Rahim Yar Khan
4/16/2020,86,0,0,Unknown,Punjab,Sargodha
4/16/2020,3,0,0,Local - Social Contact,Punjab,Sialkot
4/16/2020,3,0,0,Local - Social Contact,Punjab,Bahawal Nagar
4/16/2020,48,0,0,Unknown,Punjab,Bahawalpur
4/16/2020,4,0,0,Local - Social Contact,Punjab,Sheikhupura
4/16/2020,1,0,0,Local - Social Contact,Punjab,Bhakhar
4/16/2020,10,0,0,Tableeghi Jamaat,Punjab,Multan
4/16/2020,21,0,0,Local - Social Contact,Punjab,Khushab
4/16/2020,70,4,16,Local - Social Contact,Sindh,Karachi
4/16/2020,1,0,0,Local - Social Contact,Sindh,Hyderabad
4/16/2020,10,0,0,Local - Social Contact,Sindh,Dadu
4/16/2020,3,0,0,Local - Social Contact,Sindh,Shikarpur
4/16/2020,0,0,0,Unknown,Sindh,Khairpur
4/16/2020,52,0,0,Unknown,Sindh,Sukkur
4/16/2020,96,0,0,Unknown,Sindh,Ghotki
4/16/2020,4,0,0,Local - Social Contact,Sindh,Tando Alahyar
4/16/2020,1,0,0,Local - Social Contact,Sindh,Tando M. Khan
4/16/2020,12,0,0,Local - Social Contact,Sindh,Sanghar
4/16/2020,5,0,0,Local - Social Contact,Sindh,Sujawal
4/16/2020,3,0,0,Local - Social Contact,Sindh,Naushero Feroz
4/16/2020,2,0,0,Local - Social Contact,Sindh,Badin
4/16/2020,2,0,0,Local - Social Contact,Sindh,Jamshoro
4/16/2020,53,0,0,Unknown,Sindh,Shaheed Benazirabad
4/17/2020,9,0,0,Local - Social Contact,Islamabad Capital Territory,Islamabad
4/17/2020,123,2,3,Unknown,Sindh,Karachi
4/17/2020,0,0,2,Local - Social Contact,Sindh,Larkana
4/17/2020,1,0,0,Local - Social Contact,Sindh,Badin
4/17/2020,1,0,0,Local - Social Contact,Sindh,Naushero Feroz
4/17/2020,2,0,0,Local - Social Contact,Sindh,Sujawal
4/17/2020,1,0,0,Local - Social Contact,Sindh,Sanghar
4/17/2020,6,0,0,Local - Social Contact,Sindh,Tando M. Khan
4/17/2020,28,0,0,Unknown,Sindh,Ghotki
4/17/2020,73,0,0,Unknown,Sindh,Khairpur
4/17/2020,1,0,0,Local - Social Contact,Sindh,Umerkot
4/17/2020,2,0,0,Local - Social Contact,Azad Jummu Kashmir,Muzaffarabad
4/17/2020,5,0,9,Local - Social Contact,Gilgit-Baltistan,Gilgit
4/17/2020,6,0,0,Unknown,Baluchistan,Quetta
4/17/2020,41,0,0,Local - Social Contact,Baluchistan,Quetta
4/17/2020,24,2,0,Local - Social Contact,Punjab,Lahore
4/17/2020,20,0,0,Local - Social Contact,Punjab,Rawalpindi
4/17/2020,10,0,0,Local - Social Contact,Punjab,Gujranwala
4/17/2020,9,0,0,Local - Social Contact,Punjab,Multan
4/17/2020,4,0,0,Local - Social Contact,Punjab,Gujrat
4/17/2020,8,0,0,Local - Social Contact,Punjab,Faisalabad
4/17/2020,20,0,0,Local - Social Contact,Punjab,Rahim Yar Khan
4/17/2020,3,0,0,Local - Social Contact,Punjab,Sialkot
4/17/2020,4,0,0,Local - Social Contact,Punjab,Bahawal Nagar
4/17/2020,95,0,0,Tableeghi Jamaat,Punjab,Multan
4/17/2020,9,0,0,Local - Social Contact,Punjab,Muzaffargar
4/17/2020,2,0,0,Local - Social Contact,Punjab,Nankana
4/17/2020,1,0,0,Local - Social Contact,Punjab,Kasur
4/17/2020,4,0,0,Local - Social Contact,Punjab,Laiya
4/18/2020,9,1,2,Local - Social Contact,Islamabad Capital Territory,Islamabad
4/18/2020,138,1,11,Unknown,Sindh,Karachi
4/18/2020,1,0,0,Local - Social Contact,Sindh,Kambar Shahdadkot
4/18/2020,9,0,0,Local - Social Contact,Sindh,Kashmore
4/18/2020,6,0,0,Local - Social Contact,Sindh,Mirpurkhas
4/18/2020,4,0,0,Local - Social Contact,Sindh,Tharparkar
4/18/2020,0,0,0,Iran/Taftan,Sindh,Sukkur
4/18/2020,43,5,0,Unknown,Khyber Pakhtunkhwa,Peshawar
4/18/2020,41,0,0,Afghanistan,Khyber Pakhtunkhwa,Peshawar
4/18/2020,7,0,1,Local - Social Contact,Gilgit-Baltistan,Gilgit
4/18/2020,8,0,0,Local - Social Contact,Baluchistan,Quetta
4/18/2020,2,0,25,India,Punjab,Lahore
4/18/2020,5,4,0,Local - Social Contact,Punjab,Lahore
4/18/2020,2,0,0,Local - Social Contact,Punjab,Dera Ghazi Khan
4/18/2020,7,0,0,Local - Social Contact,Punjab,Gujrat
4/18/2020,1,0,0,Local - Social Contact,Punjab,Rawalpindi
4/18/2020,1,0,0,Local - Social Contact,Punjab,Chakwal
4/18/2020,1,0,0,Local - Social Contact,Punjab,Attock
4/19/2020,8,0,0,Local - Social Contact,Islamabad Capital Territory,Islamabad
4/19/2020,0,0,29,Tableeghi Jamaat,Punjab,Lahore
4/19/2020,182,8,0,Unknown,Sindh,Karachi
4/19/2020,3,0,0,Local - Social Contact,Sindh,Umerkot
4/19/2020,2,0,0,Local - Social Contact,Sindh,Shikarpur
4/19/2020,10,0,0,Local - Social Contact,Sindh,Jacobabad
4/19/2020,1,0,0,Local - Social Contact,Azad Jummu Kashmir,Muzaffarabad
4/19/2020,6,0,1,Local - Social Contact,Gilgit-Baltistan,Gilgit
4/19/2020,60,2,0,Local - Social Contact,Khyber Pakhtunkhwa,Peshawar
4/19/2020,0,1,0,Local - Social Contact,Khyber Pakhtunkhwa,Nowshera
4/19/2020,0,1,0,Local - Social Contact,Federal Administration Tribal Area,Mohmand
4/19/2020,0,4,0,Local - Social Contact,Khyber Pakhtunkhwa,Swat
4/19/2020,0,1,0,Local - Social Contact,Khyber Pakhtunkhwa,Malakand
4/19/2020,0,1,0,Local - Social Contact,Khyber Pakhtunkhwa,Abbottabad
4/19/2020,0,0,5,Local - Social Contact,Khyber Pakhtunkhwa,Hangu
4/19/2020,0,0,3,Local - Social Contact,Khyber Pakhtunkhwa,Haripur
4/19/2020,0,0,2,Local - Social Contact,Khyber Pakhtunkhwa,Kohat
4/19/2020,0,0,1,Local - Social Contact,Khyber Pakhtunkhwa,Lakki Marwat
4/19/2020,0,0,4,Local - Social Contact,Khyber Pakhtunkhwa,Shangla
4/19/2020,0,0,3,Local - Social Contact,Khyber Pakhtunkhwa,Swabi
4/19/2020,0,0,8,Local - Social Contact,Khyber Pakhtunkhwa,Charsadda
4/19/2020,0,0,15,Local - Social Contact,Khyber Pakhtunkhwa,Buner
4/19/2020,0,0,4,Local - Social Contact,Khyber Pakhtunkhwa,Bannu
4/19/2020,56,0,0,Local - Social Contact,Baluchistan,Quetta
4/19/2020,3,0,0,Jail,Punjab,Lahore
4/19/2020,36,0,0,Local - Social Contact,Punjab,Lahore
4/19/2020,3,0,0,Local - Social Contact,Punjab,Multan
4/19/2020,0,0,4,Local - Social Contact,Punjab,Gujrat
4/19/2020,15,0,0,Local - Social Contact,Punjab,Gujranwala
4/19/2020,32,0,0,Local - Social Contact,Punjab,Rawalpindi
4/19/2020,1,0,0,Local - Social Contact,Punjab,Narowal
4/19/2020,2,0,0,Local - Social Contact,Punjab,Rahim Yar Khan
4/19/2020,29,0,0,Local - Social Contact,Punjab,Sargodha
4/19/2020,13,0,0,Local - Social Contact,Punjab,Attock
4/19/2020,1,0,0,Local - Social Contact,Punjab,Sahewal
4/19/2020,23,0,0,Local - Social Contact,Punjab,Sialkot
4/19/2020,0,0,1,Local - Social Contact,Punjab,Hafizabad
4/19/2020,7,0,0,Local - Social Contact,Punjab,Nankana
4/19/2020,0,0,4,Local - Social Contact,Punjab,Bahawalpur
4/19/2020,76,0,0,Local - Social Contact,Punjab,Lodhran
4/19/2020,5,0,0,Local - Social Contact,Punjab,Khanewal
4/19/2020,5,0,0,Local - Social Contact,Punjab,Toba Tek Singh
4/19/2020,3,0,0,Local - Social Contact,Punjab,Sheikhupura
4/19/2020,1,0,0,Local - Social Contact,Punjab,Bhakhar
4/20/2020,33,1,0,Local - Social Contact,Baluchistan,Quetta
4/20/2020,150,5,10,Local - Social Contact,Sindh,Karachi
4/20/2020,57,0,0,Unknown,Sindh,Larkana
4/20/2020,6,0,0,Jail,Sindh,Karachi
4/20/2020,1,0,0,Local - Social Contact,Sindh,Dadu
4/20/2020,18,0,0,Local - Social Contact,Gilgit-Baltistan,Gilgit
4/20/2020,334,1,0,Local - Social Contact,Punjab,Lahore
4/20/2020,98,5,11,Local - Social Contact,Khyber Pakhtunkhwa,Peshawar
4/20/2020,0,1,0,Local - Social Contact,Khyber Pakhtunkhwa,Kohat
4/20/2020,0,2,0,Local - Social Contact,Khyber Pakhtunkhwa,Kurrum
4/20/2020,0,2,0,Local - Social Contact,Khyber Pakhtunkhwa,Mansehra
4/20/2020,0,0,4,Local - Social Contact,Khyber Pakhtunkhwa,Dera Ismail Khan
4/20/2020,0,0,15,Local - Social Contact,Khyber Pakhtunkhwa,Swat
4/20/2020,0,0,17,Local - Social Contact,Khyber Pakhtunkhwa,Mardan
4/20/2020,0,0,5,Local - Social Contact,Khyber Pakhtunkhwa,Abbottabad
4/20/2020,10,1,0,Local - Social Contact,Islamabad Capital Territory,Islamabad
4/21/2020,0,0,0,Local - Social Contact,Khyber Pakhtunkhwa,Peshawar
4/21/2020,69,0,1,Local - Social Contact,Khyber Pakhtunkhwa,Karak
4/21/2020,0,0,7,Local - Social Contact,Khyber Pakhtunkhwa,Dir Lower
4/21/2020,0,0,8,Local - Social Contact,Khyber Pakhtunkhwa,Dir Upper
4/21/2020,26,5,2,Local - Social Contact,Khyber Pakhtunkhwa,Peshawar
4/21/2020,2,0,0,Afghanistan,Khyber Pakhtunkhwa,Peshawar
4/21/2020,4,0,0,Local - Social Contact,Khyber Pakhtunkhwa,Charsadda
4/21/2020,1,0,9,Local - Social Contact,Khyber Pakhtunkhwa,Nowshera
4/21/2020,1,0,4,Local - Social Contact,Federal Administration Tribal Area,Khyber
4/21/2020,8,1,0,Local - Social Contact,Khyber Pakhtunkhwa,Mardan
4/21/2020,0,1,0,Local - Social Contact,Khyber Pakhtunkhwa,Swabi
4/21/2020,2,0,0,Local - Social Contact,Khyber Pakhtunkhwa,Bannu
4/21/2020,1,0,0,Local - Social Contact,Khyber Pakhtunkhwa,Dir Lower
4/21/2020,2,0,0,Local - Social Contact,Khyber Pakhtunkhwa,Dir Upper
4/21/2020,11,0,0,Local - Social Contact,Khyber Pakhtunkhwa,Malakand
4/21/2020,2,0,0,Local - Social Contact,Khyber Pakhtunkhwa,Kohat
4/21/2020,5,0,0,Local - Social Contact,Federal Administration Tribal Area,Kurrum
4/21/2020,1,0,0,Local - Social Contact,Khyber Pakhtunkhwa,Lakki Marwat
4/21/2020,1,0,0,Local - Social Contact,Federal Administration Tribal Area,North Waziristan
4/21/2020,0,2,0,Local - Social Contact,Khyber Pakhtunkhwa,Swat
4/21/2020,286,5,30,Local - Social Contact,Sindh,Karachi
4/21/2020,217,9,39,Unknown,Punjab,Lahore
4/21/2020,4,0,0,Local - Social Contact,Islamabad Capital Territory,Islamabad
4/21/2020,1,0,0,Local - Social Contact,Azad Jummu Kashmir,Muzaffarabad
4/21/2020,2,0,3,Local - Social Contact,Gilgit-Baltistan,Gilgit
4/21/2020,31,0,0,Local - Social Contact,Baluchistan,Quetta
4/22/2020,9,0,0,Local - Social Contact,Islamabad Capital Territory,Islamabad
4/22/2020,262,7,0,Unknown,Punjab,Lahore
4/22/2020,2,0,5,Local - Social Contact,Sindh,Larkana
4/22/2020,78,0,0,Tableeghi Jamaat,Sindh,Khairpur
4/22/2020,12,0,10,Local - Social Contact,Sindh,Tando M. Khan
4/22/2020,10,0,0,Local - Social Contact,Sindh,Jamshoro
4/22/2020,6,0,0,Local - Social Contact,Sindh,Badin
4/22/2020,2,0,0,Local - Social Contact,Sindh,Sanghar
4/22/2020,4,0,0,Local - Social Contact,Sindh,Thatta
4/22/2020,38,0,18,Local - Social Contact,Sindh,Hyderabad
4/22/2020,155,2,32,Local - Social Contact,Sindh,Karachi
4/22/2020,15,1,0,Local - Social Contact,Sindh,Sukkur
4/22/2020,56,0,0,Local - Social Contact,Baluchistan,Quetta
4/22/2020,7,0,3,Local - Social Contact,Gilgit-Baltistan,Gilgit
4/22/2020,1,0,0,Local - Social Contact,Azad Jummu Kashmir,Muzaffarabad
4/22/2020,2,0,0,Afghanistan,Khyber Pakhtunkhwa,Peshawar
4/22/2020,2,0,0,Iran/Taftan,Khyber Pakhtunkhwa,Peshawar
4/22/2020,0,1,0,Local - Social Contact,Khyber Pakhtunkhwa,Charsadda
4/22/2020,2,0,0,Local - Social Contact,Khyber Pakhtunkhwa,Nowshera
4/22/2020,29,0,0,Local - Social Contact,Khyber Pakhtunkhwa,Swat
4/22/2020,1,0,0,Local - Social Contact,Khyber Pakhtunkhwa,Buner
4/22/2020,2,0,0,Local - Social Contact,Khyber Pakhtunkhwa,Dir Lower
4/22/2020,17,0,0,Local - Social Contact,Khyber Pakhtunkhwa,Malakand
4/22/2020,2,0,0,Local - Social Contact,Khyber Pakhtunkhwa,Mansehra
4/22/2020,6,0,0,Local - Social Contact,Khyber Pakhtunkhwa,Battagram
4/22/2020,2,0,0,Local - Social Contact,Khyber Pakhtunkhwa,Karak
4/22/2020,1,0,0,Local - Social Contact,Khyber Pakhtunkhwa,Kurrum
4/22/2020,39,0,0,Local - Social Contact,Khyber Pakhtunkhwa,Peshawar
4/22/2020,1,0,0,Local - Social Contact,Khyber Pakhtunkhwa,Bannu
4/22/2020,1,1,0,Local - Social Contact,Khyber Pakhtunkhwa,Mardan
4/22/2020,1,1,0,Local - Social Contact,Khyber Pakhtunkhwa,Swat
4/22/2020,1,0,0,Local - Social Contact,Khyber Pakhtunkhwa,Peshawar
4/22/2020,1,0,0,Local - Social Contact,Khyber Pakhtunkhwa,Shangla
4/23/2020,242,3,0,Local - Social Contact,Sindh,Karachi
4/23/2020,1,0,0,Local - Social Contact,Sindh,Khairpur
4/23/2020,14,1,0,Local - Social Contact,Sindh,Shaheed Benazirabad
4/23/2020,1,0,0,Local - Social Contact,Sindh,Sujawal
4/23/2020,1,0,0,Local - Social Contact,Sindh,Sanghar
4/23/2020,1,0,0,Local - Social Contact,Sindh,Ghotki
4/23/2020,25,0,8,Local - Social Contact,Sindh,Sukkur
4/23/2020,11,0,1,Local - Social Contact,Sindh,Larkana
4/23/2020,1,0,1,Local - Social Contact,Sindh,Dadu
4/23/2020,1,0,1,Local - Social Contact,Sindh,Jacobabad
4/23/2020,0,0,17,Local - Social Contact,Sindh,Hyderabad
4/23/2020,0,0,5,Local - Social Contact,Sindh,Tando M. Khan
4/23/2020,10,0,0,Local - Social Contact,Islamabad Capital Territory,Islamabad
4/23/2020,10,0,0,Local - Social Contact,Gilgit-Baltistan,Gilgit
4/23/2020,4,0,0,Local - Social Contact,Azad Jummu Kashmir,Muzaffarabad
4/23/2020,55,0,0,Unknown,Baluchistan,Quetta
4/23/2020,14,1,3,Local - Social Contact,Khyber Pakhtunkhwa,Peshawar
4/23/2020,7,1,5,Local - Social Contact,Khyber Pakhtunkhwa,Charsadda
4/23/2020,1,0,0,Local - Social Contact,Khyber Pakhtunkhwa,Nowshera
4/23/2020,0,0,6,Local - Social Contact,Khyber Pakhtunkhwa,Khyber
4/23/2020,0,0,0,Local - Social Contact,Khyber Pakhtunkhwa,Mohmand
4/23/2020,1,0,10,Local - Social Contact,Khyber Pakhtunkhwa,Mardan
4/23/2020,0,0,2,Local - Social Contact,Khyber Pakhtunkhwa,Swabi
4/23/2020,3,0,10,Local - Social Contact,Khyber Pakhtunkhwa,Swat
4/23/2020,4,0,11,Local - Social Contact,Khyber Pakhtunkhwa,Buner
4/23/2020,3,0,2,Local - Social Contact,Khyber Pakhtunkhwa,Dir Lower
4/23/2020,0,0,25,Local - Social Contact,Khyber Pakhtunkhwa,Dir Upper
4/23/2020,4,0,4,Local - Social Contact,Khyber Pakhtunkhwa,Shangla
4/23/2020,6,0,0,Local - Social Contact,Khyber Pakhtunkhwa,Malakand
4/23/2020,0,0,0,Local - Social Contact,Khyber Pakhtunkhwa,Chitral Lower
4/23/2020,0,0,0,Local - Social Contact,Khyber Pakhtunkhwa,Chitral Upper
4/23/2020,3,0,0,Local - Social Contact,Khyber Pakhtunkhwa,Bajaur
4/23/2020,2,0,1,Local - Social Contact,Khyber Pakhtunkhwa,Mansehra
4/23/2020,0,0,1,Local - Social Contact,Khyber Pakhtunkhwa,Abbottabad
4/23/2020,0,0,0,Local - Social Contact,Khyber Pakhtunkhwa,Haripur
4/23/2020,0,0,0,Local - Social Contact,Khyber Pakhtunkhwa,Tor Ghar
4/23/2020,1,0,0,Local - Social Contact,Khyber Pakhtunkhwa,Kohistan upper
4/23/2020,0,0,0,Local - Social Contact,Khyber Pakhtunkhwa,Kohistan Lower
4/23/2020,0,0,0,Local - Social Contact,Khyber Pakhtunkhwa,Kolai Pallas
4/23/2020,1,0,0,Local - Social Contact,Khyber Pakhtunkhwa,Battagram
4/23/2020,2,0,15,Local - Social Contact,Khyber Pakhtunkhwa,Kohat
4/23/2020,0,0,4,Local - Social Contact,Khyber Pakhtunkhwa,Hangu
4/23/2020,2,0,2,Local - Social Contact,Khyber Pakhtunkhwa,Karak
4/23/2020,0,0,0,Local - Social Contact,Khyber Pakhtunkhwa,Kurrum
4/23/2020,0,0,2,Local - Social Contact,Khyber Pakhtunkhwa,Orakzai
4/23/2020,0,0,11,Local - Social Contact,Khyber Pakhtunkhwa,Bannu
4/23/2020,0,0,0,Local - Social Contact,Khyber Pakhtunkhwa,Lakki Marwat
4/23/2020,0,0,1,Local - Social Contact,Khyber Pakhtunkhwa,North Waziristan
4/23/2020,2,0,2,Local - Social Contact,Khyber Pakhtunkhwa,Dera Ismail Khan
4/23/2020,0,0,0,Local - Social Contact,Khyber Pakhtunkhwa,Tank
4/23/2020,0,0,1,Local - Social Contact,Khyber Pakhtunkhwa,South Waziristan
4/23/2020,23,0,0,Afghanistan,Khyber Pakhtunkhwa,Peshawar
4/23/2020,8,0,0,International Passenger,Khyber Pakhtunkhwa,Peshawar
4/23/2020,177,2,115,Unknown,Punjab,Lahore
4/24/2020,10,0,0,Local - Social Contact,Islamabad Capital Territory,Islamabad
4/24/2020,7,0,0,Local - Social Contact,Gilgit-Baltistan,Gilgit
4/24/2020,243,2,24,Local - Social Contact,Sindh,Karachi
4/24/2020,8,0,0,Local - Social Contact,Sindh,Shaheed Benazirabad
4/24/2020,1,0,0,Local - Social Contact,Sindh,Badin
4/24/2020,1,0,0,Local - Social Contact,Sindh,Sanghar
4/24/2020,1,0,0,Local - Social Contact,Sindh,Tando Alahyar
4/24/2020,14,0,0,Local - Social Contact,Sindh,Sukkur
4/24/2020,1,0,0,Local - Social Contact,Sindh,Khairpur
4/24/2020,3,0,0,Local - Social Contact,Sindh,Larkana
4/24/2020,1,0,0,Local - Social Contact,Sindh,Kambar Shahdadkot
4/24/2020,0,0,18,Unknown,Sindh,Hyderabad
4/24/2020,49,2,0,Local - Social Contact,Baluchistan,Quetta
4/24/2020,0,0,56,International Passenger,Khyber Pakhtunkhwa,Peshawar
4/24/2020,66,4,7,Local - Social Contact,Khyber Pakhtunkhwa,Peshawar
4/24/2020,4,0,1,Local - Social Contact,Khyber Pakhtunkhwa,Charsadda
4/24/2020,4,0,1,Local - Social Contact,Khyber Pakhtunkhwa,Nowshera
4/24/2020,7,0,0,Local - Social Contact,Khyber Pakhtunkhwa,Mardan
4/24/2020,0,0,2,Local - Social Contact,Khyber Pakhtunkhwa,Swabi
4/24/2020,2,0,0,Local - Social Contact,Khyber Pakhtunkhwa,Swat
4/24/2020,6,0,1,Local - Social Contact,Khyber Pakhtunkhwa,Buner
4/24/2020,4,0,2,Local - Social Contact,Khyber Pakhtunkhwa,Dir Lower
4/24/2020,1,0,0,Local - Social Contact,Khyber Pakhtunkhwa,Dir Upper
4/24/2020,7,0,0,Local - Social Contact,Khyber Pakhtunkhwa,Shangla
4/24/2020,0,0,0,Local - Social Contact,Khyber Pakhtunkhwa,Malakand
4/24/2020,1,0,0,Local - Social Contact,Khyber Pakhtunkhwa,Chitral Lower
4/24/2020,0,0,0,Local - Social Contact,Khyber Pakhtunkhwa,Chitral Upper
4/24/2020,0,0,0,Local - Social Contact,Khyber Pakhtunkhwa,Bajaur
4/24/2020,6,0,2,Local - Social Contact,Khyber Pakhtunkhwa,Mansehra
4/24/2020,3,0,0,Local - Social Contact,Khyber Pakhtunkhwa,Abbottabad
4/24/2020,84,3,20,Unknown,Punjab,Lahore
4/25/2020,217,3,20,Local - Social Contact,Sindh,Karachi
4/25/2020,13,0,0,Local - Social Contact,Sindh,Hyderabad
4/25/2020,1,0,0,Local - Social Contact,Sindh,Badin
4/25/2020,2,0,0,Local - Social Contact,Sindh,Shaheed Benazirabad
4/25/2020,6,0,0,Local - Social Contact,Sindh,Sanghar
4/25/2020,1,0,0,Local - Social Contact,Sindh,Tando M. Khan
4/25/2020,1,0,0,Local - Social Contact,Sindh,Tando Alahyar
4/25/2020,2,0,0,Local - Social Contact,Sindh,Ghotki
4/25/2020,12,0,0,Local - Social Contact,Sindh,Sukkur
4/25/2020,17,0,0,Local - Social Contact,Sindh,Larkana
4/25/2020,2,0,0,Local - Social Contact,Sindh,Kambar Shahdadkot
4/25/2020,2,0,0,Local - Social Contact,Sindh,Mirpurkhas
4/25/2020,11,0,0,Local - Social Contact,Sindh,Shikarpur
4/25/2020,9,0,0,Local - Social Contact,Islamabad Capital Territory,Islamabad
4/25/2020,1,0,0,Local - Social Contact,Gilgit-Baltistan,Gilgit
4/25/2020,65,2,0,Unknown,Baluchistan,Quetta
4/25/2020,41,4,7,Local - Social Contact,Khyber Pakhtunkhwa,Peshawar
4/25/2020,1,0,0,Local - Social Contact,Khyber Pakhtunkhwa,Charsadda
4/25/2020,2,0,0,Local - Social Contact,Khyber Pakhtunkhwa,Nowshera
4/25/2020,3,0,0,Local - Social Contact,Khyber Pakhtunkhwa,Mardan
4/25/2020,15,0,0,Local - Social Contact,Khyber Pakhtunkhwa,Swat
4/25/2020,8,0,0,Local - Social Contact,Khyber Pakhtunkhwa,Malakand
4/25/2020,2,0,0,Local - Social Contact,Khyber Pakhtunkhwa,Chitral Lower
4/25/2020,1,0,0,Local - Social Contact,Khyber Pakhtunkhwa,Chitral Upper
4/25/2020,3,0,0,Local - Social Contact,Khyber Pakhtunkhwa,Haripur
4/25/2020,6,0,0,Local - Social Contact,Khyber Pakhtunkhwa,Battagram
4/25/2020,1,0,1,Local - Social Contact,Khyber Pakhtunkhwa,Bannu
4/25/2020,0,0,1,Local - Social Contact,Khyber Pakhtunkhwa,Buner
4/25/2020,0,0,1,Local - Social Contact,Khyber Pakhtunkhwa,Dir Lower
4/25/2020,0,0,1,Local - Social Contact,Khyber Pakhtunkhwa,Mansehra
4/25/2020,0,0,1,Local - Social Contact,Khyber Pakhtunkhwa,Kohat
4/25/2020,0,0,1,Local - Social Contact,Khyber Pakhtunkhwa,Hangu
4/25/2020,2,0,0,Afghanistan,Khyber Pakhtunkhwa,Peshawar
4/25/2020,475,5,0,Unknown,Punjab,Lahore
4/26/2020,12,0,0,Local - Social Contact,Islamabad Capital Territory,Islamabad
4/26/2020,340,3,48,Local - Social Contact,Sindh,Karachi
4/26/2020,7,0,0,Local - Social Contact,Sindh,Hyderabad
4/26/2020,1,0,8,Local - Social Contact,Sindh,Jamshoro
4/26/2020,2,0,0,Local - Social Contact,Sindh,Badin
4/26/2020,4,0,0,Local - Social Contact,Sindh,Naushero Feroz
4/26/2020,2,0,0,Local - Social Contact,Sindh,Thatta
4/26/2020,1,0,0,Local - Social Contact,Sindh,Sanghar
4/26/2020,2,0,6,Local - Social Contact,Sindh,Tando Alahyar
4/26/2020,17,0,0,Local - Social Contact,Sindh,Sukkur
4/26/2020,2,0,0,Local - Social Contact,Sindh,Khairpur
4/26/2020,1,0,0,Local - Social Contact,Sindh,Larkana
4/26/2020,1,0,0,Local - Social Contact,Sindh,Dadu
4/26/2020,2,0,0,Local - Social Contact,Sindh,Matiari
4/26/2020,1,0,0,Local - Social Contact,Sindh,Mirpurkhas
4/26/2020,120,3,0,Unknown,Punjab,Lahore
4/26/2020,71,5,0,Unknown,Khyber Pakhtunkhwa,Peshawar
4/26/2020,60,1,0,Unknown,Baluchistan,Quetta
4/26/2020,10,0,0,Local - Social Contact,Gilgit-Baltistan,Gilgit
4/26/2020,4,0,0,Local - Social Contact,Azad Jummu Kashmir,Muzaffarabad
4/27/2020,10,0,0,Local - Social Contact,Islamabad Capital Territory,Islamabad
4/27/2020,275,4,17,Local - Social Contact,Sindh,Karachi
4/27/2020,12,0,0,Local - Social Contact,Sindh,Hyderabad
4/27/2020,0,0,3,Local - Social Contact,Sindh,Jamshoro
4/27/2020,0,0,1,Local - Social Contact,Sindh,Badin
4/27/2020,0,0,6,Local - Social Contact,Sindh,Shaheed Benazirabad
4/27/2020,0,0,1,Local - Social Contact,Sindh,Naushero Feroz
4/27/2020,0,0,1,Local - Social Contact,Sindh,Sujawal
4/27/2020,1,0,3,Local - Social Contact,Sindh,Thatta
4/27/2020,0,0,2,Local - Social Contact,Sindh,Sanghar
4/27/2020,0,0,2,Local - Social Contact,Sindh,Tando M. Khan
4/27/2020,8,0,2,Local - Social Contact,Sindh,Ghotki
4/27/2020,4,0,0,Local - Social Contact,Sindh,Sukkur
4/27/2020,23,0,2,Local - Social Contact,Sindh,Khairpur
4/27/2020,12,0,2,Local - Social Contact,Sindh,Larkana
4/27/2020,3,0,10,Local - Social Contact,Sindh,Dadu
4/27/2020,0,0,1,Local - Social Contact,Sindh,Umerkot
4/27/2020,2,0,0,Local - Social Contact,Sindh,Matiari
4/27/2020,1,0,0,Local - Social Contact,Sindh,Jacobabad
4/27/2020,72,3,9,Unknown,Baluchistan,Quetta
4/27/2020,3,0,1,Local - Social Contact,Khyber Pakhtunkhwa,Nowshera
4/27/2020,51,4,0,Local - Social Contact,Khyber Pakhtunkhwa,Peshawar
4/27/2020,6,1,0,Local - Social Contact,Khyber Pakhtunkhwa,Malakand
4/27/2020,2,1,0,Local - Social Contact,Khyber Pakhtunkhwa,Bajaur
4/27/2020,1,0,0,Local - Social Contact,Khyber Pakhtunkhwa,Charsadda
4/27/2020,4,0,0,Local - Social Contact,Khyber Pakhtunkhwa,Mardan
4/27/2020,3,0,0,Local - Social Contact,Khyber Pakhtunkhwa,Swat
4/27/2020,8,0,0,Local - Social Contact,Khyber Pakhtunkhwa,Buner
4/27/2020,7,0,0,Local - Social Contact,Khyber Pakhtunkhwa,Dir Lower
4/27/2020,5,0,0,Local - Social Contact,Khyber Pakhtunkhwa,Dir Upper
4/27/2020,5,0,0,Local - Social Contact,Khyber Pakhtunkhwa,Chitral Lower
4/27/2020,2,0,0,Local - Social Contact,Khyber Pakhtunkhwa,Chitral Upper
4/27/2020,9,0,0,Local - Social Contact,Khyber Pakhtunkhwa,Mansehra
4/27/2020,7,0,0,Local - Social Contact,Khyber Pakhtunkhwa,Battagram
4/27/2020,2,0,0,Local - Social Contact,Khyber Pakhtunkhwa,Kurram
4/27/2020,5,0,0,Local - Social Contact,Khyber Pakhtunkhwa,Bannu
4/27/2020,194,10,0,Local - Social Contact,Punjab,Lahore
4/27/2020,2,0,0,Local - Social Contact,Gilgit-Baltistan,Gilgit
4/28/2020,16,0,0,Local - Social Contact,Islamabad Capital Territory,ISlamabad
4/28/2020,187,5,0,Local - Social Contact,Punjab,Lahore
4/28/2020,335,0,0,Local - Social Contact,Sindh,Karachi
4/28/2020,10,0,0,Local - Social Contact,Gilgit-Baltistan,Gilgit
4/28/2020,176,0,0,Local - Social Contact,Khyber Pakhtunkhwa,Peshawar
4/28/2020,6,0,0,Local - Social Contact,Azad Jummu Kashmir,Muzaffarabad
4/29/2020,36,0,0,Local - Social Contact,Islamabad Capital Territory,Islamabad
4/29/2020,234,3,0,Local - Social Contact,Punjab,Lahore
4/29/2020,337,8,208,Local - Social Contact,Sindh,Karachi
4/29/2020,9,0,0,Local - Social Contact,Sindh,Hyderabad
4/29/2020,7,0,0,Local - Social Contact,Sindh,Shaheed Benazirabad
4/29/2020,14,0,0,Local - Social Contact,Sindh,Sukkur
4/29/2020,13,0,0,Local - Social Contact,Sindh,Khairpur
4/29/2020,13,0,0,Local - Social Contact,Sindh,Larkana
4/29/2020,1,0,0,Local - Social Contact,Sindh,Dadu
4/29/2020,7,0,0,Local - Social Contact,Sindh,Shikarpur
4/29/2020,121,0,0,Local - Social Contact,Baluchistan,Quetta
4/29/2020,3,0,0,Local - Social Contact,Gilgit-Baltistan,Gilgit
4/29/2020,153,8,0,Local - Social Contact,Khyber Pakhtunkhwa,Peshawar
4/30/2020,16,0,0,Local - Social Contact,Islamabad Capital Territory,Islamabad
4/30/2020,279,3,0,Local - Social Contact,Punjab,Lahore
4/30/2020,229,12,0,Local - Social Contact,Sindh,Karachi
4/30/2020,5,0,0,Local - Social Contact,Sindh,Hyderabad
4/30/2020,1,0,0,Local - Social Contact,Sindh,Jamshoro
4/30/2020,1,0,0,Local - Social Contact,Sindh,Thatta
4/30/2020,1,0,0,Local - Social Contact,Sindh,Naushero Feroz
4/30/2020,4,0,0,Local - Social Contact,Sindh,Sanghar
4/30/2020,3,0,0,Local - Social Contact,Sindh,Sukkur
4/30/2020,6,0,0,Local - Social Contact,Sindh,Dadu
4/30/2020,1,0,0,Local - Social Contact,Sindh,Matiari
4/30/2020,1,0,0,Local - Social Contact,Sindh,Mirpurkhas
4/30/2020,34,0,0,Local - Social Contact,Sindh,Shikarpur
4/30/2020,2,0,0,Local - Social Contact,Sindh,Jacobabad
4/30/2020,75,0,0,Local - Social Contact,Baluchistan,Quetta
4/30/2020,6,0,0,Local - Social Contact,Gilgit-Baltistan,Gilgit
4/30/2020,1,0,0,Local - Social Contact,Azad Jummu Kashmir,Muzaffarabad
5/1/2020,30,0,0,Local - Social Contact,islamabad Capital Territory,islamabad
5/1/2020,446,6,73,Local - Social Contact,Sindh,Karachi
5/1/2020,176,0,0,Local - Social Contact,Sindh,Karachi
5/1/2020,86,2,0,Local - Social Contact,Baluchistan,Quetta
5/1/2020,1,0,0,Local - Social Contact,Baluchistan,Pishin
5/1/2020,1,0,5,Local - Social Contact,Gilgit-Baltistan,Gilgit
5/1/2020,0,0,1,Local - Social Contact,Gilgit-Baltistan,Gilgit
5/1/2020,0,0,1,Local - Social Contact,Gilgit-Baltistan,Gilgit
5/1/2020,248,15,40,Local - Social Contact,Khyber Pakhtunkhwa,Peshawar
5/1/2020,3,0,0,Local - Social Contact,Khyber Pakhtunkhwa,Charsadda
5/1/2020,5,0,0,Local - Social Contact,Khyber Pakhtunkhwa,Nowshera
5/1/2020,0,0,0,Local - Social Contact,Khyber Pakhtunkhwa,Khyber
5/1/2020,0,0,0,Local - Social Contact,Khyber Pakhtunkhwa,Mohamand
5/1/2020,1,0,0,Local - Social Contact,Khyber Pakhtunkhwa,Mardan
5/1/2020,2,0,0,Local - Social Contact,Khyber Pakhtunkhwa,Swabi
5/1/2020,17,0,0,Local - Social Contact,Khyber Pakhtunkhwa,Swat
5/1/2020,1,0,0,Local - Social Contact,Khyber Pakhtunkhwa,Buner
5/1/2020,6,0,0,Local - Social Contact,Khyber Pakhtunkhwa,Dir Lower
5/1/2020,0,0,0,Local - Social Contact,Khyber Pakhtunkhwa,Dir Upper
5/1/2020,3,0,0,Local - Social Contact,Khyber Pakhtunkhwa,Shangla
5/1/2020,16,0,0,Local - Social Contact,Khyber Pakhtunkhwa,Malakand
5/1/2020,2,0,0,Local - Social Contact,Khyber Pakhtunkhwa,Chitral Lower
5/1/2020,0,0,0,Local - Social Contact,Khyber Pakhtunkhwa,Chitral
5/1/2020,0,0,0,Local - Social Contact,Khyber Pakhtunkhwa,Bajaur
5/1/2020,1,0,0,Local - Social Contact,Khyber Pakhtunkhwa,Mansehra
5/1/2020,2,0,0,Local - Social Contact,Khyber Pakhtunkhwa,Abbottabad
5/1/2020,0,0,0,Local - Social Contact,Khyber Pakhtunkhwa,Haripur
5/1/2020,0,0,0,Local - Social Contact,Khyber Pakhtunkhwa,Tor Ghar
5/1/2020,0,0,0,Local - Social Contact,Khyber Pakhtunkhwa,Kohistan Upper
5/1/2020,0,0,0,Local - Social Contact,Khyber Pakhtunkhwa,Kohistan Lower
5/1/2020,0,0,0,Local - Social Contact,Khyber Pakhtunkhwa,Kolai Pallas
5/1/2020,1,0,0,Local - Social Contact,Khyber Pakhtunkhwa,Battagram
5/1/2020,1,0,0,Local - Social Contact,Khyber Pakhtunkhwa,Kohat
5/1/2020,0,0,0,Local - Social Contact,Khyber Pakhtunkhwa,Hangu
5/1/2020,4,0,0,Local - Social Contact,Khyber Pakhtunkhwa,Karak
5/1/2020,3,0,0,Local - Social Contact,Khyber Pakhtunkhwa,Kurram
5/1/2020,0,0,0,Local - Social Contact,Khyber Pakhtunkhwa,Orakzai
5/1/2020,14,0,0,Local - Social Contact,Khyber Pakhtunkhwa,Bannu
5/1/2020,0,0,0,Local - Social Contact,Khyber Pakhtunkhwa,Lakki Marwat
5/1/2020,0,0,0,Local - Social Contact,Khyber Pakhtunkhwa,North Waziristan
5/1/2020,0,0,0,Local - Social Contact,Khyber Pakhtunkhwa,Dera Ismail Khan
5/1/2020,0,0,0,Local - Social Contact,Khyber Pakhtunkhwa,Tank
5/1/2020,0,0,0,Local - Social Contact,Khyber Pakhtunkhwa,South Waziristan
5/2/2020,22,0,0,Local - Social Contact,islamabad Capital Territory,islamabad
5/2/2020,16,0,5,Local - Social Contact,Gilgit-Baltistan,Gilgit
5/2/2020,57,9,38,Local - Social Contact,Khyber Pakhtunkhwa,Peshawar
5/2/2020,1,0,0,Local - Social Contact,Khyber Pakhtunkhwa,Charsadda
5/2/2020,1,1,0,Local - Social Contact,Khyber Pakhtunkhwa,Nowshera
5/2/2020,0,0,0,Local - Social Contact,Khyber Pakhtunkhwa,Khyber
5/2/2020,0,0,0,Local - Social Contact,Khyber Pakhtunkhwa,Mohmand
5/2/2020,0,0,0,Local - Social Contact,Khyber Pakhtunkhwa,Mardan
5/2/2020,6,0,0,Local - Social Contact,Khyber Pakhtunkhwa,Swabi
5/2/2020,3,1,0,Local - Social Contact,Khyber Pakhtunkhwa,Swat
5/2/2020,0,0,0,Local - Social Contact,Khyber Pakhtunkhwa,Buner
5/2/2020,8,0,0,Local - Social Contact,Khyber Pakhtunkhwa,Dir Lower
5/2/2020,0,0,0,Local - Social Contact,Khyber Pakhtunkhwa,Dir Upper
5/2/2020,0,0,0,Local - Social Contact,Khyber Pakhtunkhwa,Shangla
5/2/2020,14,0,0,Local - Social Contact,Khyber Pakhtunkhwa,Malakand
5/2/2020,2,0,0,Local - Social Contact,Khyber Pakhtunkhwa,Chitral Lower
5/2/2020,1,0,0,Local - Social Contact,Khyber Pakhtunkhwa,Chitral Upper
5/2/2020,1,0,0,Local - Social Contact,Khyber Pakhtunkhwa,Bajaur
5/2/2020,0,0,0,Local - Social Contact,Khyber Pakhtunkhwa,Mansehra
5/2/2020,7,0,0,Local - Social Contact,Khyber Pakhtunkhwa,Abbottabad
5/2/2020,0,0,0,Local - Social Contact,Khyber Pakhtunkhwa,Haripur
5/2/2020,0,0,0,Local - Social Contact,Khyber Pakhtunkhwa,Tor  Ghar
5/2/2020,0,0,0,Local - Social Contact,Khyber Pakhtunkhwa,Kohistan Upper
5/2/2020,0,0,0,Local - Social Contact,Khyber Pakhtunkhwa,Kohistan Lower
5/2/2020,0,0,0,Local - Social Contact,Khyber Pakhtunkhwa,Kolai Pallas
5/2/2020,0,0,0,Local - Social Contact,Khyber Pakhtunkhwa,Battagram
5/2/2020,0,0,0,Local - Social Contact,Khyber Pakhtunkhwa,Kohat
5/2/2020,0,0,0,Local - Social Contact,Khyber Pakhtunkhwa,Hangu
5/2/2020,2,0,0,Local - Social Contact,Khyber Pakhtunkhwa,Karak
5/2/2020,1,0,0,Local - Social Contact,Khyber Pakhtunkhwa,Kurram
5/2/2020,1,0,0,Local - Social Contact,Khyber Pakhtunkhwa,Orakzai
5/2/2020,1,0,0,Local - Social Contact,Khyber Pakhtunkhwa,Bannu
5/2/2020,0,0,0,Local - Social Contact,Khyber Pakhtunkhwa,Lakki Marwat
5/2/2020,0,0,0,Local - Social Contact,Khyber Pakhtunkhwa,North Waziristan
5/2/2020,2,0,0,Local - Social Contact,Khyber Pakhtunkhwa,Dira Ismail Khan
5/2/2020,0,0,0,Local - Social Contact,Khyber Pakhtunkhwa,Tank
5/2/2020,0,0,0,Local - Social Contact,Khyber Pakhtunkhwa,South Waziristan
5/2/2020,35,0,0,Local - Social Contact,Baluchistan,Quetta
5/2/2020,1,0,0,Local - Social Contact,Baluchistan,Ziarat
5/2/2020,427,4,0,Local - Social Contact,Sindh,Karachi
5/2/2020,514,9,0,Local - Social Contact,Punjab,Lahore
5/3/2020,28,0,0,Local - Social Contact,islamabad Capital Territory,Islamabad
5/3/2020,670,9,0,Local - Social Contact,Punjab,Lahore
5/3/2020,44,5,0,Local - Social Contact,Baluchistan,Quetta
5/3/2020,2,0,0,Local - Social Contact,Baluchistan,Pishin
5/3/2020,8,0,0,Local - Social Contact,Gilgit-Baltistan,Gilgit
5/3/2020,222,8,0,Local - Social Contact,Khyber Pakhtunkhwa,Peshawar
5/3/2020,5,0,0,Local - Social Contact,Azad Jummu Kashmir,Mirpur
5/3/2020,363,8,0,Local - Social Contact,Sindh,Karachi
5/4/2020,22,0,0,Local - Social Contact,islamabad Capital Territory,Islamabad
5/4/2020,122,12,0,Local - Social Contact,Punjab,Lahore
5/4/2020,638,7,0,Local - Social Contact,Sindh,Karachi
5/4/2020,103,0,0,Local - Social Contact,Baluchistan,Quetta
5/4/2020,8,0,0,Local - Social Contact,Gilgit-Baltistan,Gilgit
5/4/2020,72,3,0,Local - Social Contact,Khyber Pakhtunkhwa,Peshawar
5/4/2020,0,0,0,Local - Social Contact,Khyber Pakhtunkhwa,Charsadda
5/4/2020,2,0,0,Local - Social Contact,Khyber Pakhtunkhwa,Nowshera
5/4/2020,12,0,0,Local - Social Contact,Khyber Pakhtunkhwa,Khyber
5/4/2020,0,0,0,Local - Social Contact,Khyber Pakhtunkhwa,Mohmand
5/4/2020,9,0,0,Local - Social Contact,Khyber Pakhtunkhwa,Mardan
5/4/2020,2,1,0,Local - Social Contact,Khyber Pakhtunkhwa,Swabi
5/4/2020,3,0,0,Local - Social Contact,Khyber Pakhtunkhwa,Swat
5/4/2020,0,0,0,Local - Social Contact,Khyber Pakhtunkhwa,Buner
5/4/2020,2,0,0,Local - Social Contact,Khyber Pakhtunkhwa,Dir Lower
5/4/2020,0,0,0,Local - Social Contact,Khyber Pakhtunkhwa,Dir Upper
5/4/2020,1,0,0,Local - Social Contact,Khyber Pakhtunkhwa,Shangla
5/4/2020,26,0,0,Local - Social Contact,Khyber Pakhtunkhwa,Malakand
5/4/2020,1,0,0,Local - Social Contact,Khyber Pakhtunkhwa,Chitral Lower
5/4/2020,0,0,0,Local - Social Contact,Khyber Pakhtunkhwa,Chitral Upper
5/4/2020,3,0,0,Local - Social Contact,Khyber Pakhtunkhwa,Bajaur
5/4/2020,0,0,0,Local - Social Contact,Khyber Pakhtunkhwa,Mansehra
5/4/2020,0,0,0,Local - Social Contact,Khyber Pakhtunkhwa,Abbottabad
5/4/2020,0,0,0,Local - Social Contact,Khyber Pakhtunkhwa,Haripur
5/4/2020,0,0,0,Local - Social Contact,Khyber Pakhtunkhwa,Tor Ghar
5/4/2020,0,0,0,Local - Social Contact,Khyber Pakhtunkhwa,Kohistan Upper
5/4/2020,0,0,0,Local - Social Contact,Khyber Pakhtunkhwa,Kohistan Lower
5/4/2020,0,0,0,Local - Social Contact,Khyber Pakhtunkhwa,Kolai Pallas
5/4/2020,4,0,0,Local - Social Contact,Khyber Pakhtunkhwa,Battagram
5/4/2020,4,0,0,Local - Social Contact,Khyber Pakhtunkhwa,Kohat
5/4/2020,0,0,0,Local - Social Contact,Khyber Pakhtunkhwa,Hangu
5/4/2020,1,0,0,Local - Social Contact,Khyber Pakhtunkhwa,Karak
5/4/2020,1,0,0,Local - Social Contact,Khyber Pakhtunkhwa,Kurram
5/4/2020,0,0,0,Local - Social Contact,Khyber Pakhtunkhwa,Orakzai
5/4/2020,12,1,0,Local - Social Contact,Khyber Pakhtunkhwa,Bannu
5/4/2020,0,0,0,Local - Social Contact,Khyber Pakhtunkhwa,Lakki Marwat
5/4/2020,0,0,0,Local - Social Contact,Khyber Pakhtunkhwa,North Waziristan
5/4/2020,3,0,0,Local - Social Contact,Khyber Pakhtunkhwa,Dira Ismail Khan
5/4/2020,1,0,0,Local - Social Contact,Khyber Pakhtunkhwa,Tank
5/4/2020,0,0,0,Local - Social Contact,Khyber Pakhtunkhwa,South Waziristan
5/5/2020,49,0,0,Local - Social Contact,islamabad Capital Territory,Islamabad
5/5/2020,487,8,0,Local - Social Contact,Punjab,Lahore
5/5/2020,86,11,42,Local - Social Contact,Sindh,Karachi
5/5/2020,174,0,0,Local - Social Contact,Baluchistan,Quetta
5/5/2020,14,0,3,Local - Social Contact,Gilgit-Baltistan,Gilgit
5/5/2020,211,9,0,Local - Social Contact,Khyber Pakhtunkhwa,Peshawar
5/5/2020,0,0,0,Local - Social Contact,Azad Jummu Kashmir,Muzaffarabad
5/6/2020,21,0,0,Local - Social Contact,islamabad Capital Territory,Islamabad
5/6/2020,944,31,0,Local - Social Contact,Punjab,Lahore
5/6/2020,451,9,60,Local - Social Contact,Sindh,Karachi
5/6/2020,168,0,0,Local - Social Contact,Baluchistan,Quetta
5/6/2020,2,0,6,Local - Social Contact,Gilgit-Baltistan,Gilgit
5/6/2020,213,9,64,Local - Social Contact,Khyber Pakhtunkhwa,Peshawar
5/6/2020,5,0,0,Local - Social Contact,Azad Jummu Kashmir,Muzaffarabad
5/7/2020,36,0,0,Local - Social Contact,islamabad Capital Territory,Islamabad
5/7/2020,118,7,0,Local - Social Contact,Punjab,Lahore
5/7/2020,453,14,9,Local - Social Contact,Sindh,Karachi
5/7/2020,0,1,0,Local - Social Contact,Baluchistan,Quetta
5/7/2020,6,0,5,Local - Social Contact,Gilgit-Baltistan,Gilgit
5/7/2020,244,6,45,Local - Social Contact,Khyber Pakhtunkhwa,Peshawar
5/8/2020,37,0,0,Local - Social Contact,islamabad Capital Territory,Islamabad
5/8/2020,838,12,0,Local - Social Contact,Punjab,Lahore
5/8/2020,598,5,0,Local - Social Contact,Sindh,Karachi
5/8/2020,62,2,13,Local - Social Contact,Baluchistan,Quetta
5/8/2020,371,12,53,Local - Social Contact,Khyber Pakhtunkhwa,Peshawar
5/8/2020,2,0,0,Local - Social Contact,Azad Jummu Kashmir,Muzaffarabad
5/9/2020,51,0,0,Local - Social Contact,islamabad Capital Territory,Islamabad
5/9/2020,1060,0,0,Local - Social Contact,Punjab,Lahore
5/9/2020,1080,5,0,Local - Social Contact,Sindh,Karachi
5/9/2020,151,0,13,Local - Social Contact,Baluchistan,Quetta
5/9/2020,36,1,5,Local - Social Contact,Gilgit-Baltistan,Gilgit
5/9/2020,182,13,53,Local - Social Contact,Khyber Pakhtunkhwa,Peshawar
5/9/2020,1,0,0,Local - Social Contact,Azad Jummu Kashmir,Muzaffarabad
5/10/2020,32,1,0,Local - Social Contact,islamabad Capital Territory,Islamabad
5/10/2020,0,0,0,Local - Social Contact,Punjab,Lahore
5/10/2020,709,8,29,Local - Social Contact,Sindh,Karachi
5/10/2020,59,0,0,Local - Social Contact,Baluchistan,Quetta
5/10/2020,12,0,1,Local - Social Contact,Gilgit-Baltistan,Gilgit
5/10/2020,160,11,40,Local - Social Contact,Khyber Pakhtunkhwa,Peshawar
5/10/2020,7,0,0,Local - Social Contact,Azad Jummu Kashmir,Muzaffarabad
